# k_unit=h/Mpc
# power_unit=(Mpc/h)^3
# redshift=0
# species=cold_plus_baryon
# gauge=synchronous
# fidelity=precision_boltzmann
# normalization=sigma8_z0
# normalization_value=0.8
# nonlinear=false
# massive_neutrino_sum_eV=0
# h=0.7
# omega_m=0.3
# omega_b=0.05
# omega_lambda=0.7
# n_s=1
# omega_lambda is radiation-free target projection; see provenance.json
# source=CAMB 2.0.4; var1=delta_nonu; var2=delta_nonu; nonlinear=false
1.00000000000000008e-05 3.28459989170355016e+01
1.00756385502849910e-05 3.30944377044275129e+01
1.01518492195989030e-05 3.33447600597949361e+01
1.02286363353671329e-05 3.35969755173962241e+01
1.03060042577470879e-05 3.38510940086685963e+01
1.03839573798757826e-05 3.41071353784627860e+01
1.04625001281192748e-05 3.43651175180668602e+01
1.05416369623240240e-05 3.46250503177015503e+01
1.06213723760701108e-05 3.48869489349677053e+01
1.07017108969264102e-05 3.51508291963442261e+01
1.07826570867076711e-05 3.54167044861936731e+01
1.08642155417335462e-05 3.56845866121273474e+01
1.09463908930895863e-05 3.59544914938464260e+01
1.10291878068901980e-05 3.62264414243195247e+01
1.11126109845436064e-05 3.65004542853762928e+01
1.11966651630188006e-05 3.67765389426841907e+01
1.12813551151145206e-05 3.70547054259798543e+01
1.13666856497302642e-05 3.73349821217128905e+01
1.14526616121393468e-05 3.76173834341197093e+01
1.15392878842640256e-05 3.79019099993623101e+01
1.16265693849527152e-05 3.81885924080017958e+01
1.17145110702592818e-05 3.84774473057732251e+01
1.18031179337244726e-05 3.87684835263976666e+01
1.18923950066594437e-05 3.90617167246155716e+01
1.19823473584314605e-05 3.93571740200204943e+01
1.20729800967517571e-05 3.96548614861919972e+01
1.21642983679655416e-05 3.99547973208354250e+01
1.22563073573442412e-05 4.02570103509682085e+01
1.23490122893799204e-05 4.05615036572783296e+01
1.24424184280819445e-05 4.08683013048349366e+01
1.25365310772758822e-05 4.11774241701832437e+01
1.26313555809046694e-05 4.14888840673623349e+01
1.27268973233320562e-05 4.18027008975717109e+01
1.28231617296483341e-05 4.21188864275586567e+01
1.29201542659783925e-05 4.24374626231520082e+01
1.30178804397920963e-05 4.27584540367598720e+01
1.31163458002170177e-05 4.30818667905608734e+01
1.32155559383535238e-05 4.34077296839098778e+01
1.33155164875922497e-05 4.37360577220835509e+01
1.34162331239339889e-05 4.40668608494549119e+01
1.35177115663119724e-05 4.44001755478310400e+01
1.36199575769166229e-05 4.47360089731663280e+01
1.37229769615227264e-05 4.50743796880937992e+01
1.38267755698191191e-05 4.54153164222280381e+01
1.39313592957408247e-05 4.57588313884977538e+01
1.40367340778037424e-05 4.61049450381123620e+01
1.41429058994418438e-05 4.64536746813883994e+01
1.42498807893469263e-05 4.68050364320541874e+01
1.43576648218109400e-05 4.71590550130482455e+01
1.44662641170709009e-05 4.75157585187673206e+01
1.45756848416564035e-05 4.78751579191838772e+01
1.46859332087397838e-05 4.82372678531662658e+01
1.47970154784889121e-05 4.86021270966797942e+01
1.49089379584226605e-05 4.89697437314234065e+01
1.50217070037690574e-05 4.93401349751435774e+01
1.51353290178261573e-05 4.97133301785962090e+01
1.52498104523256277e-05 5.00893539862683568e+01
1.53651578077991119e-05 5.04682238680063122e+01
1.54813776339473159e-05 5.08499561740827488e+01
1.55984765300119415e-05 5.12345697564084972e+01
1.57164611451503960e-05 5.16220889400201699e+01
1.58353381788133558e-05 5.20125464609462611e+01
1.59551143811251554e-05 5.24059649043358391e+01
1.60757965532671101e-05 5.28023545448036060e+01
1.61973915478636654e-05 5.32017283579334190e+01
1.63199062693715434e-05 5.36041321489505265e+01
1.64433476744717640e-05 5.40095896273169558e+01
1.65677227724646770e-05 5.44181088218282341e+01
1.66930386256679625e-05 5.48297079765881534e+01
1.68193023498176502e-05 5.52444226254148987e+01
1.69465211144721679e-05 5.56622756364943569e+01
1.70747021434194355e-05 5.60832898569629421e+01
1.72038527150870625e-05 5.65074961144976413e+01
1.73339801629556296e-05 5.69349061336310101e+01
1.74650918759751062e-05 5.73655424844633544e+01
1.75971952989844000e-05 5.77994350207317922e+01
1.77302979331341077e-05 5.82366125600758195e+01
1.78644073363124297e-05 5.86771051297448594e+01
1.79995311235743524e-05 5.91209275727965462e+01
1.81356769675740273e-05 5.95681003365034414e+01
1.82728525990004444e-05 6.00186568433643757e+01
1.84110658070164222e-05 6.04726171219910711e+01
1.85503244397008506e-05 6.09300121393624110e+01
1.86906364044943722e-05 6.13908694782663176e+01
1.88320096686483539e-05 6.18552114160923523e+01
1.89744522596773044e-05 6.23230769292748406e+01
1.91179722658146791e-05 6.27944682789541773e+01
1.92625778364721723e-05 6.32694150159746158e+01
1.94082771827024273e-05 6.37479767986161363e+01
1.95550785776653146e-05 6.42301516723674553e+01
1.97029903570976829e-05 6.47159688181345558e+01
1.98520209197866844e-05 6.52054615629976553e+01
2.00021787280466847e-05 6.56986520708791915e+01
2.01534723081997610e-05 6.61955767412760281e+01
2.03059102510598529e-05 6.66962617304984349e+01
2.04595012124205816e-05 6.72007332735621787e+01
2.06142539135467362e-05 6.77090206923507338e+01
2.07701771416694726e-05 6.82211479027807144e+01
2.09272797504853109e-05 6.87371502753238559e+01
2.10855706606588257e-05 6.92570592415213611e+01
2.12450588603292226e-05 6.97808997698024740e+01
2.14057534056206824e-05 7.03087027019666380e+01
2.15676634211565981e-05 7.08404965793926209e+01
2.17307981005776916e-05 7.13763055894192320e+01
2.18951667070640463e-05 7.19161647284130225e+01
2.20607785738610986e-05 7.24601288737638782e+01
2.22276431048096052e-05 7.30081925957305486e+01
2.23957697748795994e-05 7.35603910752882229e+01
2.25651681307084336e-05 7.41167826805750281e+01
2.27358477911428219e-05 7.46773642338852568e+01
2.29078184477850454e-05 7.52422021692074026e+01
2.30810898655432716e-05 7.58113217072741037e+01
2.32556718831859997e-05 7.63847240868187924e+01
2.34315744139007591e-05 7.69624744409139367e+01
2.36088074458569939e-05 7.75445963462266548e+01
2.37873810427732089e-05 7.81311126734198211e+01
2.39673053444884119e-05 7.87220629886592320e+01
2.41485905675378961e-05 7.93174891660334680e+01
2.43312470057333326e-05 7.99174135595088160e+01
2.45152850307473006e-05 8.05218785026366959e+01
2.47007150927022130e-05 8.11309236825951956e+01
2.48875477207636727e-05 8.17445578239709647e+01
2.50757935237383798e-05 8.23628412330538424e+01
2.52654631906765145e-05 8.29858145477652442e+01
2.54565674914786730e-05 8.36134944638312021e+01
2.56491172775074190e-05 8.42459072806597078e+01
2.58431234822034626e-05 8.48830974260137623e+01
2.60385971217064476e-05 8.55251179617620920e+01
2.62355492954805290e-05 8.61720067704714268e+01
2.64339911869445862e-05 8.68237775104313130e+01
2.66339340641072572e-05 8.74804669756020985e+01
2.68353892802067733e-05 8.81421334680806297e+01
2.70383682743555989e-05 8.88088161416860089e+01
2.72428825721899941e-05 8.94805223918662165e+01
2.74489437865244592e-05 9.01573118440878005e+01
2.76565636180111533e-05 9.08392225158845861e+01
2.78657538558042528e-05 9.15262844783216991e+01
2.80765263782293954e-05 9.22185487979875091e+01
2.82888931534581520e-05 9.29160585634588756e+01
2.85028662401876083e-05 9.36188354504283495e+01
2.87184577883250990e-05 9.43269133249984151e+01
2.89356800396780591e-05 9.50403542050552801e+01
2.91545453286492205e-05 9.57591986704209006e+01
2.93750660829369292e-05 9.64834786608248436e+01
2.95972548242408453e-05 9.72132305071847043e+01
2.98211241689729497e-05 9.79485018095174809e+01
3.00466868289739336e-05 9.86893452124576243e+01
3.02739556122350030e-05 9.94357772177019257e+01
3.05029434236251648e-05 1.00187848558255624e+02
3.07336632656239747e-05 1.00945643718545099e+02
3.09661282390598618e-05 1.01709141146512252e+02
3.12003515438540307e-05 1.02478407935652100e+02
3.14363464797699527e-05 1.03253514636386797e+02
3.16741264471686015e-05 1.04034473741631672e+02
3.19137049477693322e-05 1.04821327681515996e+02
3.21550955854165549e-05 1.05614125276754237e+02
3.23983120668521810e-05 1.06412927519859011e+02
3.26433682024939180e-05 1.07217791129864594e+02
3.28902779072194997e-05 1.08028725589079585e+02
3.31390552011567516e-05 1.08845779330360813e+02
3.33897142104797335e-05 1.09669025221514488e+02
3.36422691682108194e-05 1.10498516988479125e+02
3.38967344150289222e-05 1.11334261080516143e+02
3.41531244000837296e-05 1.12176327252519229e+02
3.44114536818162627e-05 1.13024775343320428e+02
3.46717369287854305e-05 1.13879630529817177e+02
3.49339889205010226e-05 1.14740944506392495e+02
3.51982245482628886e-05 1.15608770808662229e+02
3.54644588160065073e-05 1.16483163095584104e+02
3.57327068411549526e-05 1.17364168268987754e+02
3.60029838554773110e-05 1.18251820215974888e+02
3.62753052059535354e-05 1.19146192094842846e+02
3.65496863556459277e-05 1.20047340292373846e+02
3.68261428845771519e-05 1.20955301358468859e+02
3.71046904906148899e-05 1.21870137683750940e+02
3.73853449903632307e-05 1.22791892707359850e+02
3.76681223200607567e-05 1.23720607383873030e+02
3.79530385364854726e-05 1.24656333094604832e+02
3.82401098178664837e-05 1.25599133147118806e+02
3.85293524648027089e-05 1.26549080451015598e+02
3.88207829011884224e-05 1.27506213679682020e+02
3.91144176751458516e-05 1.28470569878931258e+02
3.94102734599648135e-05 1.29442238559667459e+02
3.97083670550494951e-05 1.30421249248209051e+02
4.00087153868723271e-05 1.31407650810567247e+02
4.03113355099351156e-05 1.32401516611029592e+02
4.06162446077374520e-05 1.33402898986085972e+02
4.09234599937524334e-05 1.34411854411760316e+02
4.12329991124097631e-05 1.35428441632960528e+02
4.15448795400862576e-05 1.36452716958345007e+02
4.18591189861039357e-05 1.37484732198399257e+02
4.21757352937355144e-05 1.38524541104700091e+02
4.24947464412176910e-05 1.39572217666555929e+02
4.28161705427718852e-05 1.40627835520225062e+02
4.31400258496329034e-05 1.41691438927011802e+02
4.34663307510852389e-05 1.42763064843185134e+02
4.37951037755072406e-05 1.43842802468696732e+02
4.41263635914232493e-05 1.44930717311560471e+02
4.44601290085636224e-05 1.46026807348916719e+02
4.47964189789327682e-05 1.47131221764331656e+02
4.51352525978853108e-05 1.48244005977469953e+02
4.54766491052104011e-05 1.49365172692827173e+02
4.58206278862241455e-05 1.50494832133589455e+02
4.61672084728703485e-05 1.51633039856292783e+02
4.65164105448296315e-05 1.52779849490038515e+02
4.68682539306368657e-05 1.53935323503436081e+02
4.72227586088071023e-05 1.55099527061961908e+02
4.75799447089699195e-05 1.56272540306140996e+02
4.79398325130125710e-05 1.57454438790029315e+02
4.83024424562315306e-05 1.58645278890997986e+02
4.86677951284928870e-05 1.59845105556512124e+02
4.90359112754015000e-05 1.61053995456134004e+02
4.94068117994789856e-05 1.62272024128177662e+02
4.97805177613505794e-05 1.63499267953110831e+02
5.01570503809410583e-05 1.64735803924283516e+02
5.05364310386796284e-05 1.65981684387482687e+02
5.09186812767139398e-05 1.67236978496676727e+02
5.13038228001333582e-05 1.68501772940915828e+02
5.16918774782013842e-05 1.69776144719277767e+02
5.20828673455974372e-05 1.71060125564414562e+02
5.24768146036680796e-05 1.72353803826382290e+02
5.28737416216876587e-05 1.73657268568527485e+02
5.32736709381284227e-05 1.74970587482277352e+02
5.36766252619403942e-05 1.76293881580628323e+02
5.40826274738407712e-05 1.77627150654560893e+02
5.44917006276132352e-05 1.78970453487910589e+02
5.49038679514168740e-05 1.80323958537054324e+02
5.53191528491052498e-05 1.81687714392167948e+02
5.57375789015552650e-05 1.83061778383677904e+02
5.61591698680061720e-05 1.84446220524735338e+02
5.65839496874086256e-05 1.85841112066001813e+02
5.70119424797840696e-05 1.87246538897898517e+02
5.74431725475942873e-05 1.88662599816442480e+02
5.78776643771213465e-05 1.90089379742534305e+02
5.83154426398580148e-05 1.91526947758082940e+02
5.87565321939086571e-05 1.92975385853781859e+02
5.92009580854007243e-05 1.94434784314175090e+02
5.96487455499069489e-05 1.95905207271456959e+02
6.00999200138782741e-05 1.97386715001943969e+02
6.05545070960876447e-05 1.98879431117974150e+02
6.10125326090846820e-05 2.00383473242532773e+02
6.14740225606613753e-05 2.01898877952438255e+02
6.19390031553289079e-05 2.03425680426549576e+02
6.24075007958055551e-05 2.04964065487519491e+02
6.28795420845159665e-05 2.06514104719799974e+02
6.33551538251016694e-05 2.08075821295616862e+02
6.38343630239429909e-05 2.09649306495013491e+02
6.43171968916926752e-05 2.11234760016067639e+02
6.48036828448208716e-05 2.12832201840127766e+02
6.52938485071719407e-05 2.14441671555199349e+02
6.57877217115329692e-05 2.16063299349057019e+02
6.62853305012142528e-05 2.17697218420219912e+02
6.67867031316415953e-05 2.19343493289509922e+02
6.72918680719607388e-05 2.21002198718572856e+02
6.78008540066539359e-05 2.22673438292206896e+02
6.83136898371686924e-05 2.24357314770310325e+02
6.88304046835588971e-05 2.26053933003919383e+02
6.93510278861382573e-05 2.27763361988265245e+02
6.98755890071464056e-05 2.29485678986255806e+02
7.04041178324274486e-05 2.31221030880008385e+02
7.09366443731212945e-05 2.32969545727542794e+02
7.14731988673677891e-05 2.34731267784394532e+02
7.20138117820236446e-05 2.36506256690656443e+02
7.25585138143925010e-05 2.38294686904052668e+02
7.31073358939679166e-05 2.40096645661551378e+02
7.36603091841896807e-05 2.41912189608453275e+02
7.42174650842133130e-05 2.43741431980842037e+02
7.47788352306929659e-05 2.45584555700812217e+02
7.53444514995779750e-05 2.47441621437585951e+02
7.59143460079225821e-05 2.49312693662995827e+02
7.64885511157098073e-05 2.51197897063239964e+02
7.70670994276889952e-05 2.53097379414541592e+02
7.76500237952269416e-05 2.55011180487403323e+02
7.82373573181735743e-05 2.56939446407302512e+02
7.88291333467410930e-05 2.58882323868818787e+02
7.94253854833980836e-05 2.60839852846435235e+02
8.00261475847771452e-05 2.62812196341121762e+02
8.06314537635976949e-05 2.64799400557533204e+02
8.12413383906026654e-05 2.66801576812723283e+02
8.18558360965104478e-05 2.68818990443871712e+02
8.24749817739810383e-05 2.70851610472162577e+02
8.30988105795975258e-05 2.72899561614575191e+02
8.37273579358623255e-05 2.74963030531966695e+02
8.43606595332084276e-05 2.77042085877321995e+02
8.49987513320262048e-05 2.79136788308799169e+02
8.56416695647050741e-05 2.81247383625086627e+02
8.62894507376911355e-05 2.83373980641747721e+02
8.69421316335598283e-05 2.85516498220896892e+02
8.75997493131047819e-05 2.87675277768353226e+02
8.82623411174419676e-05 2.89850383017362219e+02
8.89299446701302492e-05 2.92041862892013512e+02
8.96025978793075725e-05 2.94249946611224459e+02
9.02803389398435408e-05 2.96474684603709875e+02
9.09632063355082934e-05 2.98716259199510887e+02
9.16512388411575116e-05 3.00974796904844368e+02
9.23444755249343930e-05 3.03250311831308466e+02
9.30429557504877528e-05 3.05543010049038571e+02
9.37467191792075265e-05 3.07853106202361062e+02
9.44558057724764549e-05 3.10180680041240748e+02
9.51702557939395493e-05 3.12525749511948732e+02
9.58901098117900780e-05 3.14888541469182258e+02
9.66154087010733328e-05 3.17269215411514438e+02
9.73461936460074588e-05 3.19667869341944538e+02
9.80825061423220245e-05 3.22084619924545507e+02
9.88243879996144535e-05 3.24519652073187103e+02
9.95718813437236687e-05 3.26973048684634193e+02
1.00325028619122520e-04 3.29444959420833413e+02
1.01083872591327571e-04 3.31935587505639035e+02
1.01848456349327662e-04 3.34444981399506275e+02
1.02618823308030379e-04 3.36973339568392134e+02
1.03395017210727508e-04 3.39520832054067284e+02
1.04177082131578599e-04 3.42087556324153240e+02
1.04965062478113919e-04 3.44673666087436402e+02
1.05759002993755744e-04 3.47279210108536461e+02
1.06558948760359100e-04 3.49904438447265193e+02
1.07364945200771734e-04 3.52549626474945853e+02
1.08177038081413109e-04 3.55214646693971133e+02
1.08995273514873371e-04 3.57899814986336253e+02
1.09819697962531453e-04 3.60605335901467015e+02
1.10650358237193618e-04 3.63331222874781417e+02
1.11487301505751218e-04 3.66077673806768587e+02
1.12330575291859320e-04 3.68844878743728316e+02
1.13180227478634817e-04 3.71633007523485048e+02
1.14036306311375790e-04 3.74442209014054924e+02
1.14898860400300591e-04 3.77272606909377373e+02
1.15767938723308184e-04 3.80124341913918897e+02
1.16643590628759484e-04 3.82997571352978753e+02
1.17525865838278987e-04 3.85892487344762742e+02
1.18414814449578602e-04 3.88809301360986296e+02
1.19310486939301782e-04 3.91748074843305233e+02
1.20212934165890348e-04 3.94709029377072625e+02
1.21122207372471608e-04 3.97692420263563292e+02
1.22038358189768820e-04 4.00698287939003762e+02
1.22961438639032232e-04 4.03726812570914490e+02
1.23891501134993607e-04 4.06778212823885383e+02
1.24828598488841851e-04 4.09852644852937601e+02
1.25772783911222137e-04 4.12950210570931063e+02
1.26724111015257413e-04 4.16071183812578852e+02
1.27682633819592217e-04 4.19215788198311998e+02
1.28648406751460562e-04 4.22384133632930968e+02
1.29621484649775971e-04 4.25576299732308030e+02
1.30601922768245731e-04 4.28792521744596399e+02
1.31589776778507961e-04 4.32033041091436132e+02
1.32585102773293163e-04 4.35298050679938456e+02
1.33587957269608993e-04 4.38587693192051802e+02
1.34598397211949680e-04 4.41902068972134998e+02
1.35616479975529208e-04 4.45241426060843651e+02
1.36642263369539445e-04 4.48606041214578397e+02
1.37675805640432675e-04 4.51996080500807807e+02
1.38717165475228687e-04 4.55411710508588499e+02
1.39766402004847667e-04 4.58853048926315864e+02
1.40823574807467239e-04 4.62320275527556987e+02
1.41888743911905933e-04 4.65813686379076671e+02
1.42961969801031407e-04 4.69333497404891773e+02
1.44043313415195086e-04 4.72879797345294833e+02
1.45132836155692258e-04 4.76452788175741887e+02
1.46230599888248872e-04 4.80052828024309918e+02
1.47336666946534079e-04 4.83680000955969831e+02
1.48451100135699881e-04 4.87334508204935162e+02
1.49573962735947535e-04 4.91016575896881534e+02
1.50705318506120351e-04 4.94726351070169187e+02
1.51845231687324471e-04 4.98464054880364131e+02
1.52993767006576203e-04 5.02229985860176612e+02
1.54150989680477957e-04 5.06024353549811849e+02
1.55316965418920711e-04 5.09847263782957270e+02
1.56491760428815893e-04 5.13698965700639519e+02
1.57675441417854008e-04 5.17579707917652058e+02
1.58868075598293302e-04 5.21489712468865150e+02
1.60069730690775479e-04 5.25429198382076606e+02
1.61280474928171362e-04 5.29398403247106444e+02
1.62500377059455564e-04 5.33397477165270516e+02
1.63729506353609694e-04 5.37426615360690107e+02
1.64967932603556143e-04 5.41486113209424843e+02
1.66215726130120598e-04 5.45576252443988665e+02
1.67472957786025619e-04 5.49697227710671882e+02
1.68739698959913004e-04 5.53849223442647485e+02
1.70016021580398431e-04 5.58032461068104453e+02
1.71301998120154675e-04 5.62247189994610380e+02
1.72597701600027778e-04 5.66493731198762021e+02
1.73903205593182607e-04 5.70772271992112223e+02
1.75218584229280664e-04 5.75082921788551516e+02
1.76543912198689828e-04 5.79426000559568706e+02
1.77879264756724772e-04 5.83801786067569310e+02
1.79224717727920652e-04 5.88210604556659518e+02
1.80580347510338304e-04 5.92652719095051339e+02
1.81946231079902523e-04 5.97128132184462970e+02
1.83322445994772639e-04 6.01637231409625315e+02
1.84709070399747036e-04 6.06180313964177913e+02
1.86106183030699493e-04 6.10757518159900769e+02
1.87513863219051081e-04 6.15369153163495753e+02
1.88932190896273804e-04 6.20015501711608749e+02
1.90361246598429911e-04 6.24696849894066759e+02
1.91801111470744868e-04 6.29413481403621404e+02
1.93251867272214517e-04 6.34165612181594156e+02
1.94713596380248331e-04 6.38953357045063058e+02
1.96186381795346201e-04 6.43777117722824414e+02
1.97670307145812008e-04 6.48637319859904210e+02
1.99165456692501776e-04 6.53533957206503374e+02
2.00671915333608717e-04 6.58467320322086493e+02
2.02189768609483322e-04 6.63437850254087380e+02
2.03719102707491267e-04 6.68445865182644297e+02
2.05260004466906713e-04 6.73491452198285288e+02
2.06812561383843421e-04 6.78574948672727714e+02
2.08376861616223463e-04 6.83696705411109178e+02
2.09952993988782110e-04 6.88856954157652012e+02
2.11541047998112659e-04 6.94055871390260677e+02
2.13141113817747109e-04 6.99293883148083978e+02
2.14753282303277416e-04 7.04571334675067874e+02
2.16377644997513724e-04 7.09888436606561413e+02
2.18014294135682977e-04 7.15245418431710959e+02
2.19663322650665802e-04 7.20642716571053484e+02
2.21324824178273925e-04 7.26080566914450856e+02
2.22998893062566493e-04 7.31559154518172818e+02
2.24685624361207478e-04 7.37078883995203796e+02
2.26385113850863478e-04 7.42640176490105887e+02
2.28097458032641649e-04 7.48243197151934055e+02
2.29822754137569744e-04 7.53888163383201345e+02
2.31561100132116683e-04 7.59575578718016459e+02
2.33312594723755843e-04 7.65305726498778427e+02
2.35077337366569210e-04 7.71078841729246278e+02
2.36855428266895588e-04 7.76895214197101495e+02
2.38646968389019410e-04 7.82755212418096562e+02
2.40452059460904781e-04 7.88659226842108069e+02
2.42270803979971190e-04 7.94607483183220211e+02
2.44103305218913556e-04 8.00600345950531732e+02
2.45949667231566953e-04 8.06638365313951908e+02
2.47809994858814021e-04 8.12721589343473852e+02
2.49684393734539293e-04 8.18850212484188887e+02
2.51572970291626000e-04 8.25024748177987476e+02
2.53475831768000797e-04 8.31245796751374769e+02
2.55393086212722100e-04 8.37513508280278302e+02
2.57324842492116183e-04 8.43828005795074887e+02
2.59271210295957885e-04 8.50189738736554432e+02
2.61232300143700064e-04 8.56599348080827895e+02
2.63208223390748301e-04 8.63056951696741521e+02
2.65199092234784785e-04 8.69562785867658135e+02
2.67205019722138325e-04 8.76117293191743215e+02
2.69226119754203746e-04 8.82720946737054874e+02
2.71262507093909919e-04 8.89374022145929985e+02
2.73314297372235430e-04 8.96077010684920651e+02
2.75381607094775166e-04 9.02830211138619688e+02
2.77464553648355133e-04 9.09633731885832617e+02
2.79563255307698519e-04 9.16488155642188985e+02
2.81677831242141180e-04 9.23393982079880516e+02
2.83808401522398803e-04 9.30351477924713890e+02
2.85955087127384255e-04 9.37360873869116290e+02
2.88118009951077690e-04 9.44422726669660847e+02
2.90297292809447332e-04 9.51537440127251330e+02
2.92493059447423715e-04 9.58705278873302746e+02
2.94705434545926238e-04 9.65926593491033600e+02
2.96934543728942404e-04 9.73202015594234467e+02
2.99180513570661711e-04 9.80531824313620518e+02
3.01443471602662067e-04 9.87916229987827819e+02
3.03723546321152155e-04 9.95355679521478237e+02
3.06020867194266917e-04 1.00285086869511292e+03
3.08335564669419968e-04 1.01040202883006975e+03
3.10667770180709829e-04 1.01800950477400465e+03
3.13017616156383851e-04 1.02567378339252718e+03
3.15385236026357154e-04 1.03339509948019645e+03
3.17770764229789466e-04 1.04117423351397201e+03
3.20174336222719047e-04 1.04901139729559259e+03
3.22596088485753473e-04 1.05690665585566308e+03
3.25036158531820710e-04 1.06486108742832016e+03
3.27494684913975530e-04 1.07287470411231584e+03
3.29971807233268920e-04 1.08094784796712611e+03
3.32467666146673169e-04 1.08908129394354955e+03
3.34982403375070107e-04 1.09727539750170808e+03
3.37516161711297292e-04 1.10553068805135104e+03
3.40069085028257031e-04 1.11384738934073062e+03
3.42641318287085247e-04 1.12222572855626004e+03
3.45233007545382416e-04 1.13066649906539692e+03
3.47844299965508581e-04 1.13917025277325774e+03
3.50475343822937346e-04 1.14773733443254150e+03
3.53126288514677474e-04 1.15636798698686403e+03
3.55797284567754379e-04 1.16506255427850601e+03
3.58488483647758575e-04 1.17382195693093331e+03
3.61200038567456626e-04 1.18264664692005249e+03
3.63932103295469208e-04 1.19153677778663041e+03
3.66684832965012816e-04 1.20049284039319605e+03
3.69458383882709663e-04 1.20951542022077729e+03
3.72252913537462202e-04 1.21860508627477088e+03
3.75068580609395897e-04 1.22776234952816071e+03
3.77905544978870348e-04 1.23698759997797379e+03
3.80763967735556403e-04 1.24628100522871114e+03
3.83644011187584321e-04 1.25564330206021373e+03
3.86545838870758955e-04 1.26507534765769969e+03
3.89469615557847080e-04 1.27457745107612004e+03
3.92415507267931832e-04 1.28414970209419357e+03
3.95383681275841478e-04 1.29379271836450221e+03
3.98374306121646157e-04 1.30350735330039106e+03
4.01387551620229269e-04 1.31329412986858028e+03
4.04423588870929016e-04 1.32315313792135112e+03
4.07482590267253938e-04 1.33308496303121228e+03
4.10564729506672878e-04 1.34309044451658019e+03
4.13670181600476181e-04 1.35317011926904183e+03
4.16799122883715172e-04 1.36332409700027506e+03
4.19951731025213079e-04 1.37355318642091493e+03
4.23128185037655166e-04 1.38385804858095230e+03
4.26328665287751770e-04 1.39423874065328141e+03
4.29553353506481952e-04 1.40469606237561879e+03
4.32802432799410494e-04 1.41523069964887645e+03
4.36076087657087078e-04 1.42584320539410373e+03
4.39374503965520491e-04 1.43653407924931412e+03
4.42697869016734258e-04 1.44730361028336142e+03
4.46046371519402446e-04 1.45815260459556544e+03
4.49420201609563154e-04 1.46908175870802870e+03
4.52819550861416841e-04 1.48009137217807552e+03
4.56244612298202501e-04 1.49118205716297257e+03
4.59695580403160086e-04 1.50235444138085245e+03
4.63172651130571149e-04 1.51360904409121213e+03
4.66676021916888513e-04 1.52494640433014411e+03
4.70205891691944419e-04 1.53636733650573410e+03
4.73762460890248568e-04 1.54787222068031247e+03
4.77345931462367420e-04 1.55946144565095892e+03
4.80956506886392554e-04 1.57113579145364633e+03
4.84594392179494692e-04 1.58289625561813159e+03
4.88259793909563960e-04 1.59474307603396164e+03
4.91952920206940847e-04 1.60667660674044350e+03
4.95673980776232767e-04 1.61869766412585909e+03
4.99423186908223415e-04 1.63080693256200016e+03
5.03200751491868063e-04 1.64300502044914060e+03
5.07006889026384469e-04 1.65529262705602969e+03
5.10841815633430313e-04 1.66767034643303418e+03
5.14705749069376906e-04 1.68013838963975377e+03
5.18598908737672782e-04 1.69269787114114638e+03
5.22521515701302374e-04 1.70534937946764353e+03
5.26473792695338690e-04 1.71809306508997497e+03
5.30455964139590203e-04 1.73093004886118479e+03
5.34468256151344892e-04 1.74386103168305272e+03
5.38510896558208282e-04 1.75688638110286911e+03
5.42584114911041763e-04 1.77000664504968177e+03
5.46688142496995467e-04 1.78322286425223001e+03
5.50823212352642179e-04 1.79653537586057723e+03
5.54989559277209487e-04 1.80994502326045745e+03
5.59187419845912862e-04 1.82345274858118819e+03
5.63417032423388169e-04 1.83705846604428234e+03
5.67678637177225758e-04 1.85076316875270163e+03
5.71972476091610056e-04 1.86456784539206933e+03
5.76298792981059117e-04 1.87847302730351930e+03
5.80657833504266631e-04 1.89247914502266804e+03
5.85049845178055175e-04 1.90658709313240979e+03
5.89475077391427797e-04 1.92079766458073527e+03
5.93933781419730186e-04 1.93511141328801818e+03
5.98426210438917153e-04 1.94952889134755628e+03
6.02952619539931099e-04 1.96405092338707254e+03
6.07513265743184791e-04 1.97867828610034485e+03
6.12108408013156669e-04 1.99341170477459673e+03
6.16738307273093393e-04 2.00825194866160200e+03
6.21403226419828931e-04 2.02319958998301581e+03
6.26103430338710554e-04 2.03825524856938182e+03
6.30839185918638350e-04 2.05341981518317061e+03
6.35610762067223122e-04 2.06869429464397535e+03
6.40418429726053481e-04 2.08407885152197650e+03
6.45262461886080777e-04 2.09957434966003711e+03
6.50143133603119398e-04 2.11518180522933744e+03
6.55060722013467303e-04 2.13090165690147296e+03
6.60015506349640943e-04 2.14673515679476168e+03
6.65007767956231496e-04 2.16268277384263683e+03
6.70037790305877986e-04 2.17874494420129258e+03
6.75105859015367473e-04 2.19492283652880042e+03
6.80212261861850480e-04 2.21121678765520528e+03
6.85357288799180904e-04 2.22762787165423424e+03
6.90541231974382873e-04 2.24415716721025592e+03
6.95764385744238067e-04 2.26080504316836686e+03
7.01027046692000752e-04 2.27757241539789857e+03
7.06329513644235658e-04 2.29445990113552989e+03
7.11672087687790838e-04 2.31146827718215354e+03
7.17055072186890442e-04 2.32859866266943300e+03
7.22478772800362579e-04 2.34585142557069685e+03
7.27943497498992299e-04 2.36322765232849315e+03
7.33449556583013027e-04 2.38072835320792638e+03
7.38997262699724413e-04 2.39835393640491520e+03
7.44586930861242677e-04 2.41610533188406953e+03
7.50218878462392000e-04 2.43398331878613999e+03
7.55893425298724618e-04 2.45198868579942837e+03
7.61610893584680230e-04 2.47012233002017047e+03
7.67371607971880179e-04 2.48838493463456780e+03
7.73175895567565605e-04 2.50677759039006833e+03
7.79024085953168533e-04 2.52530128924513883e+03
7.84916511203027803e-04 2.54395660279255753e+03
7.90853505903242582e-04 2.56274412174226472e+03
7.96835407170674750e-04 2.58166509499581116e+03
8.02862554672089399e-04 2.60072022352640488e+03
8.08935290643439321e-04 2.61990978412678669e+03
8.15053959909302914e-04 2.63923548816864786e+03
8.21218909902460747e-04 2.65869823622402009e+03
8.27430490683625551e-04 2.67829849169346653e+03
8.33689054961316294e-04 2.69803691064013628e+03
8.39994958111889897e-04 2.71791452959248772e+03
8.46348558199718241e-04 2.73793268187016156e+03
8.52750215997520752e-04 2.75809208646408933e+03
8.59200295006847035e-04 2.77839302297138283e+03
8.65699161478722260e-04 2.79883659294345944e+03
8.72247184434441067e-04 2.81942431551677737e+03
8.78844735686519669e-04 2.84015691329858691e+03
8.85492189859811776e-04 2.86103468804571958e+03
8.92189924412779443e-04 2.88205894970045438e+03
8.98938319658925907e-04 2.90323027096960504e+03
9.05737758788388342e-04 2.92454984365680912e+03
9.12588627889701263e-04 2.94601894554382443e+03
9.19491315971715626e-04 2.96763738679438075e+03
9.26446214985690206e-04 2.98940707531268845e+03
9.33453719847543439e-04 3.01132910384015486e+03
9.40514228460283285e-04 3.03340359021383301e+03
9.47628141736598100e-04 3.05563173452600540e+03
9.54795863621619566e-04 3.07801449368589010e+03
9.62017801115863983e-04 3.10055298151037960e+03
9.69294364298339643e-04 3.12324805946996685e+03
9.76625966349834200e-04 3.14609995519055292e+03
9.84013023576371920e-04 3.16911075824332192e+03
9.91455955432858291e-04 3.19228137528254956e+03
9.98955184546894415e-04 3.21561184135017629e+03
1.00651113674277539e-03 3.23910338727855833e+03
1.01412424106566736e-03 3.26275723033820987e+03
1.02179492980597432e-03 3.28657437296724856e+03
1.02952363852388293e-03 3.31055567053018376e+03
1.03731080607409013e-03 3.33470190499342652e+03
1.04515687463073003e-03 3.35901374192032517e+03
1.05306228971247581e-03 3.38349286670380161e+03
1.06102750020784105e-03 3.40814057703962771e+03
1.06905295840066376e-03 3.43295654781006670e+03
1.07713911999579408e-03 3.45794214593229344e+03
1.08528644414496709e-03 3.48309890567711363e+03
1.09349539347287569e-03 3.50842771348224778e+03
1.10176643410343582e-03 3.53392909349841329e+03
1.11010003568626052e-03 3.55960464763260052e+03
1.11849667142332370e-03 3.58545511481544645e+03
1.12695681809582842e-03 3.61148095183381974e+03
1.13548095609128353e-03 3.63768341290355283e+03
1.14406956943077917e-03 3.66406379764231315e+03
1.15272314579647171e-03 3.69062312127155337e+03
1.16144217655927170e-03 3.71736195210492087e+03
1.17022715680674991e-03 3.74428103566411619e+03
1.17907858537124872e-03 3.77138294328359098e+03
1.18799696485820546e-03 3.79866727937807627e+03
1.19698280167468960e-03 3.82613432190838830e+03
1.20603660605816346e-03 3.85378719368367911e+03
1.21515889210545118e-03 3.88162554936144807e+03
1.22435017780192826e-03 3.90965044309167797e+03
1.23361098505093882e-03 3.93786348483035636e+03
1.24294183970342790e-03 3.96626523092369280e+03
1.25234327158780124e-03 3.99485616140935690e+03
1.26181581454000739e-03 4.02363768499227308e+03
1.27136000643385521e-03 4.05261116267375883e+03
1.28097638921155239e-03 4.08177741150043312e+03
1.29066550891447965e-03 4.11113773349889107e+03
1.30042791571419246e-03 4.14069291880810033e+03
1.31026416394366767e-03 4.17044386143955671e+03
1.32017481212877603e-03 4.20039160496462227e+03
1.33016042301999375e-03 4.23053634889087698e+03
1.34022156362436371e-03 4.26088031106048766e+03
1.35035880523768650e-03 4.29142479992908738e+03
1.36057272347696236e-03 4.32216948534110634e+03
1.37086389831307209e-03 4.35311593521144732e+03
1.38123291410371528e-03 4.38426551562861914e+03
1.39168035962658671e-03 4.41561905451355597e+03
1.40220682811281272e-03 4.44717710612098381e+03
1.41281291728062933e-03 4.47894048470581311e+03
1.42349922936933033e-03 4.51091125181996358e+03
1.43426637117346112e-03 4.54309024930866690e+03
1.44511495407726831e-03 4.57547753678633853e+03
1.45604559408942457e-03 4.60807549466010914e+03
1.46705891187800153e-03 4.64088394528469689e+03
1.47815553280571544e-03 4.67390368820468484e+03
1.48933608696543134e-03 4.70713708503471844e+03
1.50060120921594953e-03 4.74058476655639879e+03
1.51195153921804921e-03 4.77424684089355469e+03
1.52338772147081166e-03 4.80812433578106629e+03
1.53491040534821203e-03 4.84221902757579210e+03
1.54652024513600049e-03 4.87653194642146900e+03
1.55821790006884908e-03 4.91106293330573135e+03
1.57000403436778169e-03 4.94581366267434078e+03
1.58187931727789798e-03 4.98078636985930643e+03
1.59384442310636881e-03 5.01598036729533851e+03
1.60590003126072833e-03 5.05139665441464240e+03
1.61804682628744639e-03 5.08703681897338629e+03
1.63028549791080718e-03 5.12290207691092473e+03
1.64261674107206868e-03 5.15899312559772989e+03
1.65504125596892455e-03 5.19531041363255008e+03
1.66755974809525815e-03 5.23185553409568456e+03
1.68017292828121076e-03 5.26862984497934576e+03
1.69288151273353990e-03 5.30563267895248919e+03
1.70568622307628215e-03 5.34286534736063186e+03
1.71858778639173899e-03 5.38033042037187715e+03
1.73158693526175500e-03 5.41802884016075404e+03
1.74468440780931890e-03 5.45595887058904555e+03
1.75788094774047103e-03 5.49412378356298086e+03
1.77117730438654014e-03 5.53252409949238609e+03
1.78457423274668752e-03 5.57115923272871896e+03
1.79807249353077956e-03 5.61003204664253280e+03
1.81167285320257788e-03 5.64914340738558349e+03
1.82537608402326911e-03 5.68849295151827027e+03
1.83918296409531180e-03 5.72808166938264003e+03
1.85309427740661353e-03 5.76791228436468373e+03
1.86711081387505823e-03 5.80798289813490373e+03
1.88123336939335158e-03 5.84829563767903073e+03
1.89546274587421904e-03 5.88885306780604060e+03
1.90979975129593194e-03 5.92965349826822694e+03
1.92424519974819779e-03 5.97069864550557668e+03
1.93879991147837796e-03 6.01198942346500189e+03
1.95346471293806863e-03 6.05352693062500202e+03
1.96824043683002008e-03 6.09531319487189558e+03
1.98312792215543177e-03 6.13734634724713942e+03
1.99812801426158546e-03 6.17962773846864275e+03
2.01324156488984262e-03 6.22215967926492885e+03
2.02846943222401762e-03 6.26494219655774486e+03
2.04381248093910136e-03 6.30797580368089621e+03
2.05927158225036305e-03 6.35126245276369991e+03
2.07484761396281234e-03 6.39480236960966795e+03
2.09054146052105403e-03 6.43859410244929950e+03
2.10635401305950135e-03 6.48264155390426367e+03
2.12228616945298260e-03 6.52694426421306162e+03
2.13833883436771255e-03 6.57150171185392355e+03
2.15451291931267972e-03 6.61631651953284472e+03
2.17080934269139056e-03 6.66138858071903360e+03
2.18722902985401917e-03 6.70671817121635922e+03
2.20377291314995897e-03 6.75230644051820309e+03
2.22044193198075827e-03 6.79815438263080614e+03
2.23723703285346256e-03 6.84426150893033628e+03
2.25415916943435494e-03 6.89062950973541501e+03
2.27120930260311807e-03 6.93725930283342586e+03
2.28838840050738608e-03 6.98415028133924352e+03
2.30569743861772439e-03 7.03130410843130539e+03
2.32313739978300994e-03 7.07872057956121898e+03
2.34070927428625241e-03 7.12640067028989779e+03
2.35841405990081876e-03 7.17434600889463582e+03
2.37625276194708196e-03 7.22255383650510885e+03
2.39422639334951979e-03 7.27102754893582733e+03
2.41233597469422143e-03 7.31976871170568120e+03
2.43058253428684321e-03 7.36877478203266310e+03
2.44896710821099033e-03 7.41804664684800809e+03
2.46749074038706039e-03 7.46758590527343586e+03
2.48615448263151111e-03 7.51739343134682258e+03
2.50495939471659075e-03 7.56746911128672673e+03
2.52390654443050352e-03 7.61781253457824005e+03
2.54299700763805508e-03 7.66842435213329009e+03
2.56223186834173824e-03 7.71930553813556980e+03
2.58161221874327485e-03 7.77045654855915654e+03
2.60113915930565084e-03 7.82187718574525479e+03
2.62081379881559011e-03 7.87356862856188218e+03
2.64063725444652281e-03 7.92553019078116540e+03
2.66061065182200945e-03 7.97776096187463736e+03
2.68073512507967151e-03 8.03026387942976999e+03
2.70101181693557834e-03 8.08303817074309518e+03
2.72144187874914399e-03 8.13608336061923637e+03
2.74202647058848815e-03 8.18940043315427556e+03
2.76276676129632573e-03 8.24298969823967855e+03
2.78366392855632951e-03 8.29685022284443585e+03
2.80471915895999079e-03 8.35098208079477990e+03
2.82593364807401728e-03 8.40538678746856567e+03
2.84730860050820675e-03 8.46006542474065645e+03
2.86884522998385105e-03 8.51501463636725384e+03
2.89054475940264937e-03 8.57023449183726370e+03
2.91240842091615784e-03 8.62572770979902634e+03
2.93443745599574705e-03 8.68149425291404077e+03
2.95663311550309902e-03 8.73753268353212843e+03
2.97899665976122333e-03 8.79384267637640187e+03
3.00152935862603963e-03 8.85042493938352891e+03
3.02423249155847271e-03 8.90727974061414352e+03
3.04710734769709710e-03 8.96440608294914273e+03
3.07015522593135151e-03 9.02180333969947606e+03
3.09337743497528454e-03 9.07947156217104930e+03
3.11677529344187021e-03 9.13741105306570353e+03
3.14035012991787169e-03 9.19562210494677311e+03
3.16410328303929787e-03 9.25410410262617006e+03
3.18803610156740466e-03 9.31285546686475755e+03
3.21214994446528384e-03 9.37187534793992381e+03
3.23644618097501972e-03 9.43116749030972278e+03
3.26092619069545415e-03 9.49072891293536668e+03
3.28559136366051276e-03 9.55055651250602386e+03
3.31044310041812839e-03 9.61065358352089061e+03
3.33548281210978553e-03 9.67101761055438328e+03
3.36071192055063372e-03 9.73164776723591967e+03
3.38613185831022987e-03 9.79254531720638624e+03
3.41174406879386945e-03 9.85371042948926879e+03
3.43755000632456776e-03 9.91513952340973992e+03
3.46355113622562197e-03 9.97683156190544287e+03
3.48974893490382795e-03 1.00387877185891757e+04
3.51614488993329906e-03 1.01010085388565185e+04
3.54274050013995197e-03 1.01634916904496222e+04
3.56953727568660529e-03 1.02262348838570797e+04
3.59653673815872165e-03 1.02892380156786930e+04
3.62374042065082436e-03 1.03525019144074813e+04
3.65114986785353883e-03 1.04160231269036340e+04
3.67876663614130888e-03 1.04798023092524381e+04
3.70659229366076008e-03 1.05438394838887307e+04
3.73462842041976132e-03 1.06081313782309953e+04
3.76287660837712826e-03 1.06726776850466085e+04
3.79133846153302577e-03 1.07374773594059534e+04
3.82001559602003363e-03 1.08025291086624129e+04
3.84890964019493414e-03 1.08678316519454984e+04
3.87802223473116339e-03 1.09333825297375697e+04
3.90735503271196546e-03 1.09991825393194777e+04
3.93690969972427390e-03 1.10652299647538894e+04
3.96668791395327937e-03 1.11315205362378347e+04
3.99669136627772443e-03 1.11980560241550847e+04
4.02692176036590233e-03 1.12648355183988715e+04
4.05738081277241727e-03 1.13318563988958322e+04
4.08807025303564112e-03 1.13991156198665940e+04
4.11899182377592488e-03 1.14666097222383760e+04
4.15014728079453853e-03 1.15343412421796347e+04
4.18153839317338648e-03 1.16023097739295899e+04
4.21316694337545584e-03 1.16705098767292147e+04
4.24503472734601150e-03 1.17389388836790968e+04
4.27714355461460052e-03 1.18075980537476989e+04
4.30949524839778410e-03 1.18764846881736376e+04
4.34209164570267293e-03 1.19455931529544905e+04
4.37493459743122474e-03 1.20149236689645459e+04
4.40802596848535819e-03 1.20844766689876978e+04
4.44136763787283950e-03 1.21542499869215389e+04
4.47496149881398009e-03 1.22242392773918236e+04
4.50880945884912353e-03 1.22944406805210638e+04
4.54291343994698248e-03 1.23648527738649918e+04
4.57727537861376491e-03 1.24354753867269537e+04
4.61189722600311661e-03 1.25063065282692605e+04
4.64678094802694047e-03 1.25773404103341963e+04
4.68192852546700684e-03 1.26485753747152175e+04
4.71734195408743655e-03 1.27200100664659785e+04
4.75302324474800950e-03 1.27916412150841861e+04
4.78897442351836847e-03 1.28634649633050176e+04
4.82519753179305039e-03 1.29354818869523297e+04
4.86169462640740832e-03 1.30076876726977134e+04
4.89846777975438616e-03 1.30800759306210275e+04
4.93551907990222131e-03 1.31526462266906547e+04
4.97285063071299660e-03 1.32253970587545937e+04
5.01046455196208808e-03 1.32983249010186119e+04
5.04836297945856268e-03 1.33714255596076655e+04
5.08654806516642757e-03 1.34446957032157879e+04
5.12502197732684229e-03 1.35181320507633300e+04
5.16378690058121297e-03 1.35917320999198946e+04
5.20284503609527108e-03 1.36654920174258859e+04
5.24219860168404026e-03 1.37394060937559116e+04
5.28184983193778334e-03 1.38134744930960278e+04
5.32180097834886179e-03 1.38876907768240344e+04
5.36205430943961607e-03 1.39620497506544234e+04
5.40261211089116018e-03 1.40365547558828184e+04
5.44347668567315198e-03 1.41111959325046209e+04
5.48465035417459740e-03 1.41859699107853794e+04
5.52613545433557930e-03 1.42608753271628157e+04
5.56793434178002623e-03 1.43359046566018587e+04
5.61004938994945097e-03 1.44110564928484964e+04
5.65248299023774804e-03 1.44863254588888831e+04
5.69523755212696103e-03 1.45617058456928571e+04
5.73831550332411840e-03 1.46371960278399893e+04
5.78171928989904861e-03 1.47127909489268532e+04
5.82545137642332105e-03 1.47884846712457893e+04
5.86951424611016105e-03 1.48642726410731248e+04
5.91391040095544732e-03 1.49401518506042466e+04
5.95864236187980574e-03 1.50161177762909028e+04
6.00371266887173710e-03 1.50921645330776155e+04
6.04912388113185064e-03 1.51682860374010252e+04
6.09487857721816191e-03 1.52444772866471467e+04
6.14097935519254332e-03 1.53207350555595385e+04
6.18742883276822506e-03 1.53970551046194050e+04
6.23422964745844362e-03 1.54734306030123244e+04
6.28138445672618822e-03 1.55498540306263258e+04
6.32889593813513139e-03 1.56263228324084430e+04
6.37676678950164100e-03 1.57028322518551395e+04
6.42499972904798326e-03 1.57793752861295507e+04
6.47359749555664714e-03 1.58559448859748809e+04
6.52256284852589102e-03 1.59325358366936325e+04
6.57189856832641941e-03 1.60091429115495030e+04
6.62160745635924017e-03 1.60857606468975719e+04
6.67169233521476730e-03 1.61623835247685365e+04
6.72215604883307991e-03 1.62390051732679021e+04
6.77300146266540583e-03 1.63156132875664043e+04
6.82423146383681709e-03 1.63922162881978584e+04
6.87584896131020022e-03 1.64687998136448186e+04
6.92785688605140459e-03 1.65452845589838180e+04
6.98025819119569256e-03 1.66220150193808295e+04
7.03305585221538840e-03 1.66981651279269681e+04
7.08625286708888021e-03 1.67742683297986550e+04
7.13985225647083190e-03 1.68559961550544685e+04
7.19385706386367792e-03 1.69359400395953853e+04
7.24827035579048498e-03 1.70114069766922876e+04
7.30309522196905068e-03 1.70878212441700998e+04
7.35833477548735425e-03 1.71641610221361152e+04
7.41399215298030236e-03 1.72402671904317322e+04
7.47007051480787308e-03 1.73163584129643568e+04
7.52657304523454435e-03 1.73923254420701560e+04
7.58350295261011210e-03 1.74681831504355323e+04
7.64086346955184913e-03 1.75439272163868663e+04
7.69865785312809098e-03 1.76195443018200604e+04
7.75688938504317388e-03 1.76950278189112796e+04
7.81556137182374232e-03 1.77703728585917779e+04
7.87467714500655371e-03 1.78455694346688215e+04
7.93424006132761525e-03 1.79206079904831022e+04
7.99425350291281360e-03 1.79954809554752828e+04
8.05472087746991403e-03 1.80701800958241511e+04
8.11564561848212088e-03 1.81446948390017860e+04
8.17703118540299111e-03 1.82190183846145701e+04
8.23888106385290038e-03 1.82931448949163641e+04
8.30119876581692992e-03 1.83670629319246582e+04
8.36398782984432154e-03 1.84407610744448139e+04
8.42725182124940027e-03 1.85142320428705680e+04
8.49099433231398533e-03 1.85874698550360918e+04
8.55521898249141273e-03 1.86604638074845861e+04
8.61992941861203926e-03 1.87331977370277746e+04
8.68512931509032166e-03 1.88056680780060306e+04
8.75082237413343095e-03 1.88778711886708879e+04
8.81701232595152005e-03 1.89497874798725716e+04
8.88370292896950575e-03 1.90214110371514689e+04
8.95089797004048823e-03 1.90927324712534464e+04
9.01860126466075968e-03 1.91637391283189609e+04
9.08681665718649029e-03 1.92344226519562872e+04
9.15554802105200682e-03 1.93047747166011504e+04
9.22479925898970349e-03 1.93747828880440029e+04
9.29457430325170662e-03 1.94444352745329052e+04
9.36487711583311282e-03 1.95137243433295444e+04
9.43571168869698947e-03 1.95826388536685445e+04
9.50708204400100600e-03 1.96511665835850399e+04
9.57899223432587439e-03 1.97192969798640697e+04
9.65144634290543077e-03 1.97870204503203349e+04
9.72444848385851240e-03 1.98543223857378107e+04
9.79800280242252436e-03 1.99211943307838410e+04
9.87211347518887443e-03 1.99876269490876475e+04
9.94678471034010116e-03 2.00536043947696526e+04
1.00220207478888042e-02 2.01191162184379973e+04
1.00978258599184415e-02 2.01841535650828591e+04
1.01742043508258918e-02 2.02487054305509810e+04
1.02511605575658707e-02 2.03127574692477356e+04
1.03286988498971655e-02 2.03762950281877238e+04
1.04068236306308088e-02 2.04393072732541150e+04
1.04855393358800585e-02 2.05017844523284984e+04
1.05648504353122851e-02 2.05637154492096961e+04
1.06447614324027620e-02 2.06250885851846906e+04
1.07252768646904119e-02 2.06858856566514551e+04
1.08064013040354533e-02 2.07460947096126365e+04
1.08881393568789585e-02 2.08057105743274733e+04
1.09704956645044847e-02 2.08647129789549763e+04
1.10534749033015731e-02 2.09230904588531157e+04
1.11370817850313057e-02 2.09808334848841441e+04
1.12213210570938169e-02 2.10379269776468427e+04
1.13061975027979166e-02 2.10943550368702126e+04
1.13917159416326574e-02 2.11501093154474875e+04
1.14778812295410152e-02 2.12051761940308752e+04
1.15646982591955921e-02 2.12595366985119399e+04
1.16521719602764810e-02 2.13131836686983115e+04
1.17403072997511633e-02 2.13661004854313542e+04
1.18291092821565091e-02 2.14182728150530529e+04
1.19185829498830095e-02 2.14696909317144855e+04
1.20087333834610639e-02 2.15203367207424635e+04
1.20995657018494688e-02 2.15701985734388290e+04
1.21910850627260543e-02 2.16192632597469310e+04
1.22832966627806142e-02 2.16675134244958172e+04
1.23762057380099287e-02 2.17149352655657931e+04
1.24698175640151239e-02 2.17615200495821737e+04
1.25641374563011630e-02 2.18072531553719200e+04
1.26591707705787579e-02 2.18521150071030752e+04
1.27549229030684379e-02 2.18960922947484505e+04
1.28513992908069266e-02 2.19391725133799046e+04
1.29486054119559452e-02 2.19813437148367339e+04
1.30465467861132136e-02 2.20225905885926841e+04
1.31452289746259148e-02 2.20628918549022274e+04
1.32446575809064080e-02 2.21022410443393965e+04
1.33448382507504928e-02 2.21406218270317295e+04
1.34457766726579359e-02 2.21780160460638581e+04
1.35474785781555043e-02 2.22144200614059337e+04
1.36499497421223685e-02 2.22497799626719643e+04
1.37531959831180776e-02 2.22841857633649415e+04
1.38572231637129270e-02 2.23175064341201323e+04
1.39620371908208071e-02 2.23494326768747051e+04
1.40676440160346864e-02 2.23819067882546988e+04
1.41740496359645026e-02 2.24093325933699962e+04
1.42812600925776977e-02 2.24296715378194895e+04
1.43892814735422422e-02 2.24562962659000368e+04
1.44981199125723808e-02 2.24838468935609926e+04
1.46077815897768699e-02 2.25089032582365326e+04
1.47182727320099311e-02 2.25332231572190758e+04
1.48295996132247632e-02 2.25563252215813081e+04
1.49417685548298759e-02 2.25782035999952932e+04
1.50547859260480067e-02 2.25989033175949517e+04
1.51686581442777180e-02 2.26183771046102520e+04
1.52833916754578965e-02 2.26366241775424860e+04
1.53989930344348245e-02 2.26536221511185540e+04
1.55154687853321666e-02 2.26693610925501926e+04
1.56328255419236201e-02 2.26838324745175014e+04
1.57510699680085443e-02 2.26970125748640894e+04
1.58702087777903011e-02 2.27088972675490331e+04
1.59902487362575361e-02 2.27194691975768510e+04
1.61111966595682242e-02 2.27287081493030164e+04
1.62330594154368318e-02 2.27366081714101601e+04
1.63558439235242208e-02 2.27431602502640781e+04
1.64795571558305105e-02 2.27483488800217965e+04
1.66042061370910744e-02 2.27521572140249591e+04
1.67297979451753419e-02 2.27545725150061589e+04
1.68563397114887444e-02 2.27555854889445436e+04
1.69838386213775720e-02 2.27551828684724751e+04
1.71123019145370918e-02 2.27533542692473056e+04
1.72417368854225553e-02 2.27500930020941050e+04
1.73721508836634266e-02 2.27453788342965963e+04
1.75035513144806663e-02 2.27392033052675761e+04
1.76359456391072880e-02 2.27315619658904179e+04
1.77693413752119979e-02 2.27224416028001324e+04
1.79037460973260100e-02 2.27118221911178080e+04
1.80391674372732368e-02 2.26997028789810902e+04
1.81756130846035882e-02 2.26860754945466942e+04
1.83130907870296331e-02 2.26709238153575134e+04
1.84516083508664656e-02 2.26542638568689108e+04
1.85911736414750596e-02 2.26359937733894367e+04
1.87317945837088273e-02 2.26162994479674162e+04
1.88734791623636350e-02 2.25951174429156417e+04
1.90162354226311482e-02 2.25708583720831921e+04
1.91600714705557375e-02 2.25453509620101104e+04
1.93049954734947141e-02 2.25195378397385975e+04
1.94510156605820564e-02 2.24918932702481507e+04
1.95981403231957584e-02 2.24626387278939983e+04
1.97463778154285917e-02 2.24318390078169687e+04
1.98957365545624765e-02 2.23994242443095100e+04
2.00462250215463905e-02 2.23654151049074026e+04
2.01978517614780362e-02 2.23297969618147399e+04
2.03506253840889662e-02 2.22925689432125037e+04
2.05045545642335222e-02 2.22537334583125412e+04
2.06596480423813303e-02 2.22132860811873725e+04
2.08159146251137121e-02 2.21712220210622399e+04
2.09733631856236988e-02 2.21275465249731242e+04
2.11320026642198150e-02 2.20822576899456981e+04
2.12918420688338259e-02 2.20353489261501818e+04
2.14528904755321784e-02 2.19868280436105597e+04
2.16151570290313844e-02 2.19366960827253315e+04
2.17786509432172197e-02 2.18849533720956606e+04
2.19433815016679933e-02 2.18316029601502123e+04
2.21093580581816530e-02 2.17766483310947988e+04
2.22765900373069342e-02 2.17200952196795552e+04
2.24450869348784242e-02 2.16619468797031950e+04
2.26148583185558985e-02 2.16022085083630627e+04
2.27859138283675218e-02 2.15408931036134672e+04
2.29582631772571599e-02 2.14779998406434752e+04
2.31319161516360568e-02 2.14135372426322210e+04
2.33068826119384245e-02 2.13475207928989257e+04
2.34831724931813882e-02 2.12799557313552068e+04
2.36607958055290446e-02 2.12108525497436094e+04
2.38397626348609837e-02 2.11402197088113862e+04
2.40200831433448926e-02 2.10680686985065295e+04
2.42017675700136638e-02 2.09944203463503036e+04
2.43848262313466763e-02 2.09192812915225550e+04
2.45692695218557196e-02 2.08426694222400874e+04
2.47551079146751708e-02 2.07646045314583025e+04
2.49423519621566198e-02 2.06850913000599285e+04
2.51310122964681672e-02 2.06041535085443757e+04
2.53210996301980740e-02 2.05218109807347209e+04
2.55126247569630940e-02 2.04380794053113386e+04
2.57055985520212547e-02 2.03529799073380818e+04
2.59000319728895298e-02 2.02665315475743628e+04
2.60959360599659559e-02 2.01787565614677915e+04
2.62933219371565344e-02 2.00896795245165158e+04
2.64922008125068366e-02 1.99993239469230539e+04
2.66925839788385161e-02 1.99077122376351435e+04
2.68944828143905107e-02 1.98148712102801546e+04
2.70979087834650155e-02 1.97208264063852621e+04
2.73028734370786320e-02 1.96256013599532816e+04
2.75093884136181459e-02 1.95292353433395074e+04
2.77174654395014458e-02 1.94317322525567506e+04
2.79271163298432622e-02 1.93331580684267174e+04
2.81383529891262203e-02 1.92335687213157180e+04
2.83511874118766959e-02 1.91326543238126324e+04
2.85656316833459607e-02 1.90316379861012065e+04
2.87816979801962837e-02 1.89304869826638023e+04
2.89993985711925299e-02 1.88270155545248854e+04
2.92187458178987149e-02 1.87224566135674977e+04
2.94397521753798561e-02 1.86172354192930761e+04
2.96624301929093621e-02 1.85111199421913079e+04
2.98867925146815254e-02 1.84042317101759945e+04
3.01128518805293711e-02 1.82966009791794422e+04
3.03406211266483879e-02 1.81882606544368573e+04
3.05701131863249896e-02 1.80792542959192542e+04
3.08013410906711298e-02 1.79696204674719302e+04
3.10343179693643376e-02 1.78594006542903226e+04
3.12690570513929206e-02 1.77486333832826858e+04
3.15055716658075441e-02 1.76373625758310045e+04
3.17438752424777232e-02 1.75256370011207182e+04
3.19839813128545494e-02 1.74134944089829914e+04
3.22259035107392289e-02 1.73009789507543101e+04
3.24696555730568798e-02 1.71881348296880715e+04
3.27152513406367418e-02 1.70750046928605589e+04
3.29627047589982555e-02 1.69616393609955157e+04
3.32120298791425614e-02 1.68480813313668623e+04
3.34632408583505347e-02 1.67343738083241915e+04
3.37163519609868720e-02 1.66205649743650574e+04
3.39713775593095887e-02 1.65067011807960844e+04
3.42283321342866306e-02 1.63928328880209847e+04
3.44872302764177227e-02 1.62790065636369363e+04
3.47480866865629706e-02 1.61652642015287620e+04
3.50109161767778732e-02 1.60516526360365388e+04
3.52757336711539762e-02 1.59382204579224053e+04
3.55425542066664935e-02 1.58250160956361051e+04
3.58113929340283105e-02 1.57120883232118904e+04
3.60822651185499430e-02 1.55994900494489430e+04
3.63551861410064889e-02 1.54872854173097221e+04
3.66301714985111868e-02 1.53755112815623797e+04
3.69072368053949412e-02 1.52641902451210444e+04
3.71863977940934606e-02 1.51533721984788590e+04
3.74676703160401053e-02 1.50430644437752308e+04
3.77510703425661884e-02 1.49334282422403976e+04
3.80366139658080554e-02 1.48243836404921731e+04
3.83243173996204375e-02 1.47153062740514997e+04
3.86141969804973118e-02 1.46072409768734979e+04
3.89062691684997283e-02 1.45004380219404302e+04
3.92005505481900496e-02 1.43943028036073174e+04
3.94970578295738700e-02 1.42890130743892751e+04
3.97958078490490350e-02 1.41846155873350344e+04
4.00968175703612026e-02 1.40811269014213394e+04
4.04001040855676147e-02 1.39785982631732568e+04
4.07056846160071539e-02 1.38770644626909725e+04
4.10135765132783880e-02 1.37765447186133715e+04
4.13237972602251147e-02 1.36771278644719296e+04
4.16363644719285678e-02 1.35787797128448437e+04
4.19512958967079436e-02 1.34814100410395149e+04
4.22686094171283375e-02 1.33859775958391238e+04
4.25883230510157793e-02 1.32897577070288316e+04
4.29104549524804979e-02 1.31921743396189504e+04
4.32350234129480343e-02 1.30995696836011412e+04
4.35620468621972859e-02 1.30091281131982669e+04
4.38915438694076621e-02 1.29193693671718829e+04
4.42235331442129009e-02 1.28311516878349466e+04
4.45580335377636985e-02 1.27442599956292215e+04
4.48950640437983800e-02 1.26587262055289175e+04
4.52346437997208847e-02 1.25745905425410783e+04
4.55767920876877092e-02 1.24918471006758373e+04
4.59215283357030657e-02 1.24105105256255356e+04
4.62688721187214588e-02 1.23305807688805398e+04
4.66188431597595876e-02 1.22520693817817737e+04
4.69714613310163731e-02 1.21749513193085968e+04
4.73267466550008828e-02 1.20992108452511184e+04
4.76847193056698440e-02 1.20250891803799859e+04
4.80453996095726379e-02 1.19523429914989574e+04
4.84088080470057025e-02 1.18807525779330426e+04
4.87749652531757200e-02 1.18105464657541688e+04
4.91438920193708537e-02 1.17416937858301735e+04
4.95156092941415327e-02 1.16741562467641234e+04
4.98901381844902569e-02 1.16079215400451976e+04
5.02674999570695627e-02 1.15429652375129881e+04
5.06477160393898687e-02 1.14792687591444846e+04
5.10308080210364334e-02 1.14168057368430163e+04
5.14167976548946665e-02 1.13555369391173208e+04
5.18057068583859942e-02 1.12954234114172905e+04
5.21975577147117814e-02 1.12364551166055735e+04
5.25923724741075224e-02 1.11785886012446936e+04
5.29901735551065317e-02 1.11217704967635909e+04
5.33909835458123982e-02 1.10659597986319295e+04
5.37948252051818482e-02 1.10111095131043785e+04
5.42017214643173290e-02 1.09571617618440014e+04
5.46116954277685515e-02 1.09040614175714127e+04
5.50247703748446698e-02 1.08517578167859319e+04
5.54409697609364940e-02 1.08001870637874599e+04
5.58603172188475508e-02 1.07492839792236609e+04
5.62828365601369257e-02 1.06989929820843900e+04
5.67085517764705435e-02 1.06492432872644022e+04
5.71374870409838351e-02 1.05999132328513770e+04
5.75696667096546252e-02 1.05510111276039715e+04
5.80051153226854993e-02 1.05025033307474005e+04
5.84438576058976048e-02 1.04542651180963549e+04
5.88859184721348961e-02 1.04062302063029510e+04
5.93313230226781840e-02 1.03583302433554927e+04
5.97800965486707039e-02 1.03104894569228018e+04
6.02322645325545705e-02 1.02626286759828981e+04
6.06878526495169615e-02 1.02146647840347941e+04
6.11468867689488604e-02 1.01665111726552786e+04
6.16093929559132780e-02 1.01180830142974119e+04
6.20753974726255681e-02 1.00692911084795433e+04
6.25449267799450120e-02 1.00200317092917667e+04
6.30180075388766525e-02 9.97021508884467767e+03
6.34946666120855124e-02 9.91975018244064631e+03
6.39749310654222497e-02 9.86854087297947990e+03
6.44588281694593590e-02 9.81649682164961996e+03
6.49463854010400160e-02 9.76353460405347323e+03
6.54376304448385515e-02 9.70957434195235146e+03
6.59325911949317500e-02 9.65454096912017485e+03
6.64312957563835543e-02 9.59837001283482641e+03
6.69337724468402201e-02 9.54101257084323879e+03
6.74400497981385988e-02 9.48240957785317005e+03
6.79501565579265221e-02 9.42249782330140806e+03
6.84641216912945383e-02 9.36123440519426367e+03
6.89819743824209297e-02 9.29859194737114012e+03
6.95037440362292480e-02 9.23452980910405313e+03
7.00294602800572569e-02 9.16900211396527993e+03
7.05591529653395583e-02 9.10197797927588363e+03
7.10928521693031251e-02 9.03341860805972647e+03
7.16305881966741720e-02 8.96329219348586412e+03
7.21723915813999861e-02 8.89156350170315454e+03
7.27182930883818190e-02 8.81818291429945020e+03
7.32683237152221556e-02 8.74312729639065765e+03
7.38225146939852916e-02 8.66640203792238026e+03
7.43808974929698885e-02 8.58802487806701174e+03
7.49435038184962793e-02 8.50801510427789253e+03
7.55103656167072090e-02 8.42641674404661353e+03
7.60815150753809954e-02 8.34328698527610322e+03
7.66569846257596638e-02 8.25869162868845342e+03
7.72368069443908484e-02 8.17270780678712435e+03
7.78210149549822955e-02 8.08542984278029235e+03
7.84096418302725057e-02 7.99694110725218979e+03
7.90027209939132696e-02 7.90732762940290831e+03
7.96002861223681080e-02 7.81669111462333694e+03
8.02023711468248107e-02 7.72511962843256970e+03
8.08090102551213135e-02 7.63270324539034300e+03
8.14202378936874638e-02 7.53953382861149566e+03
8.20360887695012753e-02 7.44570430578514424e+03
8.26565978520589217e-02 7.35132051710819269e+03
8.32818003753607455e-02 7.25648379528857095e+03
8.39117318399124346e-02 7.16130786233910840e+03
8.45464280147397301e-02 7.06592824545238545e+03
8.51859249394207180e-02 6.97047733461337975e+03
8.58302589261311644e-02 6.87510130703808318e+03
8.64794665617068525e-02 6.77995512760010024e+03
8.71335847097216010e-02 6.68519504382032028e+03
8.77926505125794510e-02 6.59097962508144792e+03
8.84567013936241736e-02 6.49746525709120760e+03
8.91257750592648612e-02 6.40480617631940004e+03
8.97999095011158127e-02 6.31315271710538127e+03
9.04791429981545020e-02 6.22264591656780340e+03
9.11635141188954223e-02 6.13342483304840425e+03
9.18530617235791824e-02 6.04562506075015426e+03
9.25478249663801850e-02 5.95937737306376584e+03
9.32478432976288490e-02 5.87480940146502508e+03
9.39531564660522067e-02 5.79204227866354631e+03
9.46638045210313889e-02 5.71119095143935283e+03
9.53798278148747097e-02 5.63236336591538202e+03
9.61012670051095141e-02 5.55565648679395053e+03
9.68281630567913165e-02 5.48115165852184145e+03
9.75605572448288161e-02 5.40891666605727278e+03
9.82984911563281882e-02 5.33900598761140100e+03
9.90420066929549175e-02 5.27145795497730251e+03
9.97911460733119648e-02 5.20629787319451589e+03
1.00545951835338335e-01 5.14354272584335376e+03
1.01306466838723366e-01 5.08320290336084599e+03
1.02072734267340814e-01 5.02528135605247826e+03
1.02844797631701554e-01 4.96977643391784204e+03
1.03622700771423146e-01 4.91668171283104130e+03
1.04406487857719610e-01 4.86598346459968161e+03
1.05196203395910223e-01 4.81765576537697052e+03
1.05991892227945458e-01 4.77165558543946827e+03
1.06793599534953820e-01 4.72794162463314933e+03
1.07601370839807864e-01 4.68642691238191219e+03
1.08415252009707822e-01 4.64693729990638803e+03
1.09235289258787532e-01 4.60947552005055149e+03
1.10061529150737233e-01 4.57396235503154094e+03
1.10894018601448222e-01 4.54016062754309587e+03
1.11732804881677319e-01 4.50783494157391669e+03
1.12577935619729994e-01 4.47698661952301518e+03
1.13429458804165204e-01 4.44750079852388080e+03
1.14287422786521098e-01 4.41909248514715455e+03
1.15151876284059207e-01 4.39152282279889005e+03
1.16022868382531369e-01 4.36475868997374710e+03
1.16900448538967555e-01 4.33864949624669498e+03
1.17784666584482681e-01 4.31290645407193733e+03
1.18675572727107895e-01 4.28729926040133887e+03
1.19573217554639913e-01 4.26174469303482238e+03
1.20477652037514260e-01 4.23603690771408037e+03
1.21388927531700053e-01 4.20992527157993845e+03
1.22307095781614902e-01 4.18329855991827571e+03
1.23232208923063649e-01 4.15596070455597601e+03
1.24164319486199506e-01 4.12773314709704846e+03
1.25103480398505440e-01 4.09847570850477223e+03
1.26049744987800277e-01 4.06805239836925193e+03
1.27003166985267368e-01 4.03632979166742780e+03
1.27963800528504035e-01 4.00320501028122771e+03
1.28931700164597512e-01 3.96857460969513704e+03
1.29906920853220531e-01 3.93232146171402019e+03
1.30889517969752872e-01 3.89441708233163763e+03
1.31879547308426298e-01 3.85479837134117315e+03
1.32877065085491408e-01 3.81341241141395176e+03
1.33882127942410334e-01 3.77029530727323254e+03
1.34894792949073805e-01 3.72552398927057811e+03
1.35915117607040087e-01 3.67913251518976631e+03
1.36943159852801005e-01 3.63120279802889854e+03
1.37978978061072233e-01 3.58191044628724103e+03
1.39022631048106499e-01 3.53134655884914810e+03
1.40074178075035000e-01 3.47967758151032785e+03
1.41133678851230820e-01 3.42708494112934295e+03
1.42201193537700110e-01 3.37370505321195060e+03
1.43276782750498932e-01 3.31973258759666624e+03
1.44360507564173540e-01 3.26536906824309244e+03
1.45452429515229326e-01 3.21081187696747884e+03
1.46552610605625633e-01 3.15626417005599069e+03
1.47661113306294750e-01 3.10194896790613029e+03
1.48778000560690182e-01 3.04809678120534363e+03
1.49903335788361292e-01 2.99492590272750385e+03
1.51037182888552723e-01 2.94264403382482851e+03
1.52179606243834725e-01 2.89147561495414311e+03
1.53330670723757279e-01 2.84160003043934512e+03
1.54490441688534125e-01 2.79318821592173936e+03
1.55658984992755128e-01 2.74641187555847227e+03
1.56836366989123732e-01 2.70138656156743991e+03
1.58022654532225776e-01 2.65823003030463224e+03
1.59217914982326236e-01 2.61703198648022453e+03
1.60422216209192559e-01 2.57784294661201329e+03
1.61635626595949239e-01 2.54071010366239034e+03
1.62858215042961718e-01 2.50564856895066941e+03
1.64090050971746615e-01 2.47265262631101996e+03
1.65331204328916070e-01 2.44170222421994595e+03
1.66581745590147268e-01 2.41275274219453422e+03
1.67841745764185257e-01 2.38573338046273375e+03
1.69111276396875898e-01 2.36054730619557586e+03
1.70390409575226415e-01 2.33706993584129305e+03
1.71679217931499817e-01 2.31514727567079672e+03
1.72977774647339877e-01 2.29460959244162495e+03
1.74286153457924864e-01 2.27527318029808930e+03
1.75604428656155165e-01 2.25694181312761793e+03
1.76932675096872855e-01 2.23940997298607090e+03
1.78270968201109964e-01 2.22246190106596259e+03
1.79619383960373441e-01 2.20587366803446912e+03
1.80977998940958146e-01 2.18941972649021136e+03
1.82346890288295205e-01 2.17288332084497961e+03
1.83726135731333617e-01 2.15606370707848100e+03
1.85115813586951894e-01 2.13877939395572093e+03
1.86516002764406053e-01 2.12086482396723477e+03
1.87926782769811312e-01 2.10216343980839110e+03
1.89348233710654512e-01 2.08252823663149502e+03
1.90780436300344053e-01 2.06182916883750249e+03
1.92223471862793788e-01 2.03996585997037323e+03
1.93677422337038524e-01 2.01688201678800010e+03
1.95142370281889382e-01 1.99256853107036409e+03
1.96618398880619438e-01 1.96705684249757496e+03
1.98105591945687831e-01 1.94040921008444184e+03
1.99604033923500152e-01 1.91270955549175460e+03
2.01113809899201273e-01 1.88406331467260793e+03
2.02635005601507712e-01 1.85460156231907126e+03
2.04167707407576754e-01 1.82447963351046769e+03
2.05712002347908846e-01 1.79387217238329322e+03
2.07267978111290441e-01 1.76296794697346081e+03
2.08835723049774519e-01 1.73196411186705382e+03
2.10415326183694573e-01 1.70106471978251807e+03
2.12006877206722510e-01 1.67047954735393023e+03
2.13610466490959133e-01 1.64041646804686820e+03
2.15226185092066563e-01 1.61106984270481348e+03
2.16854124754440047e-01 1.58261116087692153e+03
2.18494377916414795e-01 1.55518381169555187e+03
2.20147037715516442e-01 1.52890626882039192e+03
2.21812197993750237e-01 1.50387340963254996e+03
2.23489953302927868e-01 1.48015387388187560e+03
2.25180398910037022e-01 1.45778673819332175e+03
2.26883630802652281e-01 1.43678082054117272e+03
2.28599745694382794e-01 1.41711712570428494e+03
2.30328841030367021e-01 1.39875019803497707e+03
2.32071014992803082e-01 1.38160734668573446e+03
2.33826366506525024e-01 1.36558468652321585e+03
2.35594995244621214e-01 1.35055008679430011e+03
2.37377001634091644e-01 1.33634931974378856e+03
2.39172486861551459e-01 1.32281324298396748e+03
2.40981552878977989e-01 1.30976587520817111e+03
2.42804302409497352e-01 1.29703402873387176e+03
2.44640838953218365e-01 1.28445062461767952e+03
2.46491266793111036e-01 1.27185457521218723e+03
2.48355691000924972e-01 1.25908850240128299e+03
2.50234217443158824e-01 1.24600056642367645e+03
2.52126952787068981e-01 1.23245647715432915e+03
2.54034004506727362e-01 1.21835312924123309e+03
2.55955480889125508e-01 1.20362909319503979e+03
2.57891491040320775e-01 1.18825836089769768e+03
2.59842144891632931e-01 1.17224176664332322e+03
2.61807553205887666e-01 1.15560493379893387e+03
2.63787827583703283e-01 1.13840555154105073e+03
2.65783080469828792e-01 1.12072885641422454e+03
2.67793425159530696e-01 1.10267965186012884e+03
2.69818975805022288e-01 1.08437789361466571e+03
2.71859847421949741e-01 1.06595970656080681e+03
2.73916155895919444e-01 1.04757561058542342e+03
2.75988017989079681e-01 1.02937910764910271e+03
2.78075551346752048e-01 1.01151340394008514e+03
2.80178874504109054e-01 9.94101069649704073e+02
2.82298106892905853e-01 9.77257706362220461e+02
2.84433368848263701e-01 9.61055119961742434e+02
2.86584781615499773e-01 9.45545448616741623e+02
2.88752467357013154e-01 9.30830689311928836e+02
2.90936549159223234e-01 9.16914687412304261e+02
2.93137151039555066e-01 9.03765669778861479e+02
2.95354397953485726e-01 8.91349238881935321e+02
2.97588415801635697e-01 8.79596353618615353e+02
2.99839331436919654e-01 8.68421370386195804e+02
3.02107272671750804e-01 8.57727526832250192e+02
3.04392368285295423e-01 8.47409116686497100e+02
3.06694748030786557e-01 8.37353604861460894e+02
3.09014542642893686e-01 8.27443738803402539e+02
3.11351883845142674e-01 8.17564377323839039e+02
3.13706904357397065e-01 8.07611808738681134e+02
3.16079737903395885e-01 7.97502905607802063e+02
3.18470519218342796e-01 7.87172584172921574e+02
3.20879384056561356e-01 7.76579315870840105e+02
3.23306469199199531e-01 7.65707926004572073e+02
3.25751912461997806e-01 7.54567742358710802e+02
3.28215852703116928e-01 7.43183919066831550e+02
3.30698429831018770e-01 7.31601152103247500e+02
3.33199784812412525e-01 7.19885891577111465e+02
3.35720059680260863e-01 7.08123084422385318e+02
3.38259397541841644e-01 6.96400740555548509e+02
3.40817942586875255e-01 6.84804350209569407e+02
3.43395840095713889e-01 6.73414377364591928e+02
3.45993236447587116e-01 6.62303773361068806e+02
3.48610279128918121e-01 6.51533135220420377e+02
3.51247116741694121e-01 6.41150026382596707e+02
3.53903899011906220e-01 6.31184460402110403e+02
3.56580776798053056e-01 6.21642874561380950e+02
3.59277902099703395e-01 6.12506762238383772e+02
3.61995428066128500e-01 6.03741771501829362e+02
3.64733509005000345e-01 5.95304294565840337e+02
3.67492300391150217e-01 5.87143752796309514e+02
3.70271958875398099e-01 5.79197717096576412e+02
3.73072642293450218e-01 5.71395285840832571e+02
3.75894509674856547e-01 5.63667345698087615e+02
3.78737721252046189e-01 5.55956768180931135e+02
3.81602438469421046e-01 5.48220296922929833e+02
3.84488823992525042e-01 5.40426007996704129e+02
3.87397041717282897e-01 5.32553417257419483e+02
3.90327256779302079e-01 5.24595576897305932e+02
3.93279635563252072e-01 5.16563001391100443e+02
3.96254345712313716e-01 5.08485776670680025e+02
3.99251556137694696e-01 5.00404006964960388e+02
4.02271437028222378e-01 4.92358185527008004e+02
4.05314159860010126e-01 4.84389052171790524e+02
4.08379897406188741e-01 4.76541619237223188e+02
4.11468823746722723e-01 4.68859253451070913e+02
4.14581114278290308e-01 4.61375810624779831e+02
4.17716945724244448e-01 4.54110768585724713e+02
4.20876496144650336e-01 4.47069728777268949e+02
4.24059944946391376e-01 4.40249314832896857e+02
4.27267472893358757e-01 4.33639322787680896e+02
4.30499262116717518e-01 4.27218226110239527e+02
4.33755496125244555e-01 4.20953235630131530e+02
4.37036359815750064e-01 4.14808198624142619e+02
4.40342039483579695e-01 4.08750400170343767e+02
4.43672722833186650e-01 4.02752105956461719e+02
4.47028598988796599e-01 3.96787265325674639e+02
4.50409858505141258e-01 3.90835347538214933e+02
4.53816693378280456e-01 3.84886012145296093e+02
4.57249297056506854e-01 3.78941680176154023e+02
4.60707864451325722e-01 3.73013053386077729e+02
4.64192591948524469e-01 3.67113816400837095e+02
4.67703677419326613e-01 3.61260222481435278e+02
4.71241320231622629e-01 3.55475508629075534e+02
4.74805721261292613e-01 3.49783296833561167e+02
4.78397082903615323e-01 3.44201188265536189e+02
4.82015609084754604e-01 3.38739396769136931e+02
4.85661505273345728e-01 3.33404379520336420e+02
4.89334978492156292e-01 3.28199422437050544e+02
4.93036237329844140e-01 3.23118953953744381e+02
4.96765491952804061e-01 3.18148750593724458e+02
5.00522954117096464e-01 3.13273320920147910e+02
5.04308837180473701e-01 3.08479932738261255e+02
5.08123356114498104e-01 3.03753318460467938e+02
5.11966727516742992e-01 2.99076740119431520e+02
5.15839169623094063e-01 2.94439950767541518e+02
5.19740902320144804e-01 2.89840778497307213e+02
5.23672147157675183e-01 2.85278741178063228e+02
5.27633127361239018e-01 2.80754747971943402e+02
5.31624067844833403e-01 2.76275955869027882e+02
5.35645195223672044e-01 2.71854011950842562e+02
5.39696737827056405e-01 2.67497422693221438e+02
5.43778925711334571e-01 2.63211757962114973e+02
5.47891990672967455e-01 2.59004461843359024e+02
5.52036166261693939e-01 2.54880179321793776e+02
5.56211687793786158e-01 2.50837000581814522e+02
5.60418792365414475e-01 2.46869748779496859e+02
5.64657718866113489e-01 2.42975300059753636e+02
5.68928707992339078e-01 2.39146594753970476e+02
5.73232002261144902e-01 2.35374525189248232e+02
5.77567846023944731e-01 2.31652233775414715e+02
5.81936485480391785e-01 2.27977536492810287e+02
5.86338168692360107e-01 2.24345723176104343e+02
5.90773145598025184e-01 2.20755464594441719e+02
5.95241668026058379e-01 2.17209592959791138e+02
5.99743989709929815e-01 2.13711760957575365e+02
6.04280366302309857e-01 2.10263158085876825e+02
6.08851055389588169e-01 2.06867943567770709e+02
6.13456316506504007e-01 2.03530192765987010e+02
6.18096411150875658e-01 2.00249217392496973e+02
6.22771602798456891e-01 1.97024843540996926e+02
6.27482156917890777e-01 1.93856418373721482e+02
6.32228340985786952e-01 1.90740962340434322e+02
6.37010424501912365e-01 1.87673559320970838e+02
6.41828679004488034e-01 1.84653157792586910e+02
6.46683378085610272e-01 1.81676248769333540e+02
6.51574797406790363e-01 1.78739767537584640e+02
6.56503214714599381e-01 1.75844642953639919e+02
6.61468909856443577e-01 1.72990269497047052e+02
6.66472164796457434e-01 1.70176784975661633e+02
6.71513263631507096e-01 1.67405702603523139e+02
6.76592492607330565e-01 1.64678659660915173e+02
6.81710140134783593e-01 1.61994707992522734e+02
6.86866496806220250e-01 1.59354814873687133e+02
6.92061855411995941e-01 1.56758778287523739e+02
6.97296510957086890e-01 1.54203620925213613e+02
7.02570760677843742e-01 1.51689759837589293e+02
7.07884904058873721e-01 1.49214698939426256e+02
7.13239242850038591e-01 1.46776544574746453e+02
7.18634081083591947e-01 1.44376006639886668e+02
7.24069725091447403e-01 1.42010451891389636e+02
7.29546483522563460e-01 1.39680469535031136e+02
7.35064667360480040e-01 1.37386858028838589e+02
7.40624589940967026e-01 1.35128502473641333e+02
7.46226566969821148e-01 1.32906105265344422e+02
7.51870916540796075e-01 1.30718999082701345e+02
7.57557959153655869e-01 1.28566495738716469e+02
7.63288017732378976e-01 1.26448499704016186e+02
7.69061417643497669e-01 1.24363537325986925e+02
7.74878486714565606e-01 1.22311273162355988e+02
7.80739555252776385e-01 1.20291084568307085e+02
7.86644956063723866e-01 1.18301824632584186e+02
7.92595024470288956e-01 1.16343919571475737e+02
7.98590098331692477e-01 1.14416407066982444e+02
8.04630518062668720e-01 1.12518990318031626e+02
8.10716626652799977e-01 1.10652162106886465e+02
8.16848769685996179e-01 1.08814471172040470e+02
8.23027295360109434e-01 1.07006266919896262e+02
8.29252554506710093e-01 1.05227161640178636e+02
8.35524900611012034e-01 1.03475788122265797e+02
8.41844689831935278e-01 1.01752617919757057e+02
8.48212281022335035e-01 1.00056708980651280e+02
8.54628035749381065e-01 9.83873638832407096e+01
8.61092318315079375e-01 9.67446684271350108e+01
8.67605495776969438e-01 9.51281885901470901e+01
8.74167937968955977e-01 9.35372682738222068e+01
8.80780017522314274e-01 9.19718171944219307e+01
8.87442109886852459e-01 9.04318019029047377e+01
8.94154593352222693e-01 8.89161641436960650e+01
9.00917849069404419e-01 8.74249796825433094e+01
9.07732261072353164e-01 8.59579798872833578e+01
9.14598216299796873e-01 8.45143432023774892e+01
9.21516104617211340e-01 8.30937613025588888e+01
9.28486318838963709e-01 8.16962279290677884e+01
9.35509254750605423e-01 8.03212034484215707e+01
9.42585311131358794e-01 7.89680460020639998e+01
9.49714889776749893e-01 7.76369002924652705e+01
9.56898395521427081e-01 7.63273750404252098e+01
9.64136236262155277e-01 7.50388790360573097e+01
9.71428822980965556e-01 7.37710820380626160e+01
9.78776569768497917e-01 7.25240168928397821e+01
9.86179893847519251e-01 7.12971708008675762e+01
9.93639215596603065e-01 7.00900475652426138e+01
1.00115495857400627e+00 6.89024438161233803e+01
1.00872754954172383e+00 6.77342983724941945e+01
1.01635741848970929e+00 6.65851178192317406e+01
1.02404499866030574e+00 6.54544806986321532e+01
1.03179072657283255e+00 6.43422095598781141e+01
1.03959504204837816e+00 6.32482092052767584e+01
1.04745838823477921e+00 6.21720828106336327e+01
1.05538121163177312e+00 6.11134146451697049e+01
1.06336396211635642e+00 6.00719681034821704e+01
1.07140709296833547e+00 5.90476715104974446e+01
1.07951106089605453e+00 5.80402455417305276e+01
1.08767632606233233e+00 5.70492957120680018e+01
1.09590335211059897e+00 5.60745109025174031e+01
1.10419260619120863e+00 5.51157600065599809e+01
1.11254455898798033e+00 5.41728662921153301e+01
1.12095968474491148e+00 5.32455340625357820e+01
1.12943846129311276e+00 5.23334406531348151e+01
1.13798137007794575e+00 5.14363390223953587e+01
1.14658889618634885e+00 5.05540433439825563e+01
1.15526152837438789e+00 4.96863814879302694e+01
1.16399975909501507e+00 4.88331298337722259e+01
1.17280408452601814e+00 4.79939898090456936e+01
1.18167500459820340e+00 4.71686696078422614e+01
1.19061302302378613e+00 4.63569901574128309e+01
1.19961864732497969e+00 4.55587909189284304e+01
1.20869238886283070e+00 4.47738529044474589e+01
1.21783476286624026e+00 4.40019692596421734e+01
1.22704628846122565e+00 4.32428997506695225e+01
1.23632748870040521e+00 4.24964116919581940e+01
1.24567889059268433e+00 4.17623117293433808e+01
1.25510102513318755e+00 4.10404152732424379e+01
1.26459442733341643e+00 4.03305453993177849e+01
1.27415963625161499e+00 3.96325296916379983e+01
1.28379719502338596e+00 3.89461890644758171e+01
1.29350765089253739e+00 3.82713206508712247e+01
1.30329155524214158e+00 3.76077266287592025e+01
1.31314946362586116e+00 3.69552283850848298e+01
1.32308193579947941e+00 3.63136592208838422e+01
1.33308953575269129e+00 3.56828406313287800e+01
1.34317283174113467e+00 3.50626124187645729e+01
1.35333239631864388e+00 3.44528105519363521e+01
1.36356880636976818e+00 3.38532659949597985e+01
1.37388264314253350e+00 3.32638331722800018e+01
1.38427449228143562e+00 3.26843290493022849e+01
1.39474494386070003e+00 3.21145828084091676e+01
1.40529459241779553e+00 3.15544503692511782e+01
1.41592403698717573e+00 3.10037698146406377e+01
1.42663388113431489e+00 3.04623783398586099e+01
1.43742473298996098e+00 2.99301239699729038e+01
1.44829720528467454e+00 2.94068613671269006e+01
1.45925191538362919e+00 2.88924382130909123e+01
1.47028948532165149e+00 2.83867108576531848e+01
1.48141054183854948e+00 2.78895427682551471e+01
1.49261571641470758e+00 2.74007968270316482e+01
1.50390564530692861e+00 2.69203298316846009e+01
1.51528096958457015e+00 2.64480119960112532e+01
1.52674233516595215e+00 2.59837196500651686e+01
1.53829039285501801e+00 2.55273256379038322e+01
1.54992579837830724e+00 2.50786957465828522e+01
1.56164921242217258e+00 2.46377052041430069e+01
1.57346130067030177e+00 2.42042358761013467e+01
1.58536273384152682e+00 2.37781675915407753e+01
1.59735418772789028e+00 2.33593723197209187e+01
1.60943634323302809e+00 2.29477302528360383e+01
1.62160988641084147e+00 2.25431276186823162e+01
1.63387550850443497e+00 2.21454493361672036e+01
1.64623390598537611e+00 2.17545750630046690e+01
1.65868578059325045e+00 2.13703942982915223e+01
1.67123183937548880e+00 2.09927945813616326e+01
1.68387279472753804e+00 2.06216643817878271e+01
1.69660936443329202e+00 2.02569007623760733e+01
1.70944227170585727e+00 1.98983940974145277e+01
1.72237224522862986e+00 1.95460371373737054e+01
1.73540001919665077e+00 1.91997286856199914e+01
1.74852633335830676e+00 1.88593714039320872e+01
1.76175193305734323e+00 1.85248670214767479e+01
1.77507756927516813e+00 1.81961264934709028e+01
1.78850399867350429e+00 1.78730636701805139e+01
1.80203198363736283e+00 1.75555835156143303e+01
1.81566229231831255e+00 1.72435835473056116e+01
1.82939569867812168e+00 1.69369712952807454e+01
1.84323298253268431e+00 1.66356575951253731e+01
1.85717492959630714e+00 1.63395494170494224e+01
1.87122233152633810e+00 1.60485701849325686e+01
1.88537598596809453e+00 1.57626370822662665e+01
1.89963669660016876e+00 1.54816577598405924e+01
1.91400527318007074e+00 1.52055386913292150e+01
1.92848253159018879e+00 1.49341970014706895e+01
1.94306929388412786e+00 1.46675610235135423e+01
1.95776638833339667e+00 1.44055618088195487e+01
1.97257464947441674e+00 1.41481207737786452e+01
1.98749491815593493e+00 1.38951409791820524e+01
2.00252804158674635e+00 1.36465565610193789e+01
2.01767487338381057e+00 1.34023111370434513e+01
2.03293627362073215e+00 1.31623290363887744e+01
2.04831310887657780e+00 1.29265256961757018e+01
2.06380625228509240e+00 1.26948308075739398e+01
2.07941658358428816e+00 1.24671851495159984e+01
2.09514498916637804e+00 1.22435237028358692e+01
2.11099236212811636e+00 1.20237577447698580e+01
2.12695960232152403e+00 1.18078337428444993e+01
2.14304761640495567e+00 1.15956930376303706e+01
2.15925731789461484e+00 1.13872542069506526e+01
2.17558962721639659e+00 1.11824691667897742e+01
2.19204547175816566e+00 1.09812751838067602e+01
2.20862578592242409e+00 1.07836033654610421e+01
2.22533151117934747e+00 1.05893950541725257e+01
2.24216359612025640e+00 1.03986015921632085e+01
2.25912299651148984e+00 1.02111582971916039e+01
2.27621067534865240e+00 1.00270088425390078e+01
2.29342760291130920e+00 9.84610704287411664e+00
2.31077475681809030e+00 9.66838311644076498e+00
2.32825312208217516e+00 9.49378770658224447e+00
2.34586369116725635e+00 9.32227164982997891e+00
2.36360746404386690e+00 9.15377555085052386e+00
2.38148544824617048e+00 8.98824713037456746e+00
2.39949865892918623e+00 8.82564259725021572e+00
2.41764811892640630e+00 8.66590776824441633e+00
2.43593485880788663e+00 8.50898568690096013e+00
2.45435991693877842e+00 8.35484445262648023e+00
2.47292433953826407e+00 8.20343078431147532e+00
2.49162918073897544e+00 8.05469027530968162e+00
2.51047550264686503e+00 7.90858156148119118e+00
2.52946437540148139e+00 7.76506879151112450e+00
2.54859687723677286e+00 7.62409917992813124e+00
2.56787409454227911e+00 7.48562372965864764e+00
2.58729712192483241e+00 7.34960358015804349e+00
2.60686706227072662e+00 7.21599919546749025e+00
2.62658502680831329e+00 7.08476896385256794e+00
2.64645213517111522e+00 6.95586848663398083e+00
2.66646951546141331e+00 6.82925545642748411e+00
2.68663830431427719e+00 6.70489511970934426e+00
2.70695964696211977e+00 6.58274825786620088e+00
2.72743469729974075e+00 6.46277633086733605e+00
2.74806461794981116e+00 6.34494275487013404e+00
2.76885058032893294e+00 6.22920994445056841e+00
2.78979376471411866e+00 6.11553874068380399e+00
2.81089536030982368e+00 6.00389421081181140e+00
2.83215656531548987e+00 5.89424309937310564e+00
2.85357858699354994e+00 5.78654900490190194e+00
2.87516264173799518e+00 5.68078052081482898e+00
2.89690995514346028e+00 5.57690338949270537e+00
2.91882176207478317e+00 5.47488272779127083e+00
2.94089930673714184e+00 5.37468845518866356e+00
2.96314384274671694e+00 5.27628787739722682e+00
2.98555663320183973e+00 5.17964975937247640e+00
3.00813895075475424e+00 5.08474413235684874e+00
3.03089207768384616e+00 4.99154025989464056e+00
3.05381730596646994e+00 4.90000819803128973e+00
3.07691593735232383e+00 4.81011874873477918e+00
3.10018928343733746e+00 4.72184297516800733e+00
3.12363866573816074e+00 4.63515231245892068e+00
3.14726541576722063e+00 4.55002026987339558e+00
3.17107087510829455e+00 4.46641918433974361e+00
3.19505639549270626e+00 4.38432209481612123e+00
3.21922333887609380e+00 4.30370429534721222e+00
3.24357307751571033e+00 4.22453846819290568e+00
3.26810699404838401e+00 4.14679797233462555e+00
3.29282648156899160e+00 4.07045819789002206e+00
3.31773294370957927e+00 3.99549537815065658e+00
3.34282779471907610e+00 3.92188303869534138e+00
3.36811245954357075e+00 3.84959909368327224e+00
3.39358837390723611e+00 3.77862208782411813e+00
3.41925698439387293e+00 3.70892748299023323e+00
3.44511974852901348e+00 3.64049226731851183e+00
3.47117813486270244e+00 3.57329368755667609e+00
3.49743362305290173e+00 3.50731006499685849e+00
3.52388770394946826e+00 3.44252120685909579e+00
3.55054187967885504e+00 3.37890636969147451e+00
3.57739766372936296e+00 3.31644233353719509e+00
3.60445658103709965e+00 3.25510909548545113e+00
3.63172016807258569e+00 3.19489031406780954e+00
3.65918997292796577e+00 3.13576328350880518e+00
3.68686755540492639e+00 3.07770878803596704e+00
3.71475448710328893e+00 3.02070879741418397e+00
3.74285235151020679e+00 2.96474380837902274e+00
3.77116274409010277e+00 2.90979521062810109e+00
3.79968727237527970e+00 2.85584627030320037e+00
3.82842755605715546e+00 2.80287905620422606e+00
3.85738522707828535e+00 2.75087449882984725e+00
3.88656192972498227e+00 2.69981695316512749e+00
3.91595932072070108e+00 2.64968998632457220e+00
3.94557906932013491e+00 2.60047598600349117e+00
3.97542285740395585e+00 2.55215794376243466e+00
4.00549237957433668e+00 2.50472175672739272e+00
4.03578934325119754e+00 2.45815194269834825e+00
4.06631546876910654e+00 2.41243146347410287e+00
4.09707248947502212e+00 2.36754430848872088e+00
4.12806215182666580e+00 2.32347845150626231e+00
4.15928621549171229e+00 2.28021836260289534e+00
4.19074645344772900e+00 2.23774833990245936e+00
4.22244465208280673e+00 2.19605437839561857e+00
4.25438261129701800e+00 2.15512272483689449e+00
4.28656214460463847e+00 2.11494034239560591e+00
4.31898507923708319e+00 2.07549434877547290e+00
4.35165325624667876e+00 2.03677125459389297e+00
4.38456853061122764e+00 1.99875687286996073e+00
4.41773277133928488e+00 1.96143947302302779e+00
4.45114786157634779e+00 1.92480657703091129e+00
4.48481569871172869e+00 1.88884516969080285e+00
4.51873819448631586e+00 1.85354428606170463e+00
4.55291727510115507e+00 1.81889157533997992e+00
4.58735488132677283e+00 1.78487511027733037e+00
4.62205296861340109e+00 1.75148392699787725e+00
4.65701350720203955e+00 1.71870699148947326e+00
4.69223848223628082e+00 1.68653237737734840e+00
4.72772989387505582e+00 1.65494946537468435e+00
4.76348975740623093e+00 1.62394842363082303e+00
4.79952010336098667e+00 1.59351839357440306e+00
4.83582297762917968e+00 1.56364887321437096e+00
4.87240044157545515e+00 1.53432979514405798e+00
4.90925457215632122e+00 1.50555120565285749e+00
4.94638746203811142e+00 1.47730304997656181e+00
4.98380121971575640e+00 1.44957577756588996e+00
5.02149796963253792e+00 1.42236071813864817e+00
5.05947985230074426e+00 1.39564869244990541e+00
5.09774902442316247e+00 1.36942918814360937e+00
5.13630765901556607e+00 1.34369404810013449e+00
5.17515794553013286e+00 1.31843475209980920e+00
5.21430208997970279e+00 1.29364242305096178e+00
5.25374231506311240e+00 1.26930885429496554e+00
5.29348086029134457e+00 1.24542555312957037e+00
5.33351998211471745e+00 1.22198416984543101e+00
5.37386195405103972e+00 1.19897671545196194e+00
5.41450906681465227e+00 1.17639543769288091e+00
5.45546362844652677e+00 1.15423234273488684e+00
5.49672796444534928e+00 1.13248004189076013e+00
5.53830441789951422e+00 1.11113135315836820e+00
5.58019534962019570e+00 1.09017882406500655e+00
5.62240313827543225e+00 1.06961530986171227e+00
5.66493018052511932e+00 1.04943336690311262e+00
5.70777889115718473e+00 1.02962595989631178e+00
5.75095170322462845e+00 1.01018679403858536e+00
5.79445106818371247e+00 9.91108917169608916e-01
5.83827945603318987e+00 9.72385841980270782e-01
5.88243935545449403e+00 9.54011144921163345e-01
5.92693327395308334e+00 9.35978157073006134e-01
5.97176373800085525e+00 9.18280838248454190e-01
6.01693329317954539e+00 9.00913057411106832e-01
6.06244450432529813e+00 8.83868683653312837e-01
6.10829995567434025e+00 8.67141824020274288e-01
6.15450225100964232e+00 8.50726778635708669e-01
6.20105401380885457e+00 8.34617768784735814e-01
6.24795788739320201e+00 8.18809065650646817e-01
6.29521653507760437e+00 8.03295195870006196e-01
6.34283264032194527e+00 7.88070994090709576e-01
6.39080890688337711e+00 7.73130929797181676e-01
6.43914805896987730e+00 7.58469759656362430e-01
6.48785284139496987e+00 7.44082658537364328e-01
6.53692601973352350e+00 7.29964322213060957e-01
6.58637038047880363e+00 7.16109819099859268e-01
6.63618873120075037e+00 7.02514450860321493e-01
6.68638390070530431e+00 6.89173458945380735e-01
6.73695873919513399e+00 6.76081978640409309e-01
6.78791611843139098e+00 6.63235696511295880e-01
6.83925893189681045e+00 6.50630058352978380e-01
6.89099009496004999e+00 6.38260307863566578e-01
6.94311254504115638e+00 6.26122522814557159e-01
6.99562924177839207e+00 6.14212392597405121e-01
7.04854316719633811e+00 6.02525496774351410e-01
7.10185732587513474e+00 5.91057703904672938e-01
7.15557474512112979e+00 5.79805244560844812e-01
7.20969847513882023e+00 5.68764118762783655e-01
7.26423158920395373e+00 5.57930181469773689e-01
7.31917718383814009e+00 5.47299495493652866e-01
7.37453837898459597e+00 5.36868616028929213e-01
7.43031831818532940e+00 5.26633793351894641e-01
7.48652016875968940e+00 5.16591342714256441e-01
7.54314712198412796e+00 5.06737733637703358e-01
7.60020239327344793e+00 4.97069374192407876e-01
7.65768922236342497e+00 4.87582921768191346e-01
7.71561087349468711e+00 4.78275049962001320e-01
7.77397063559810331e+00 4.69142398789200443e-01
7.83277182248158077e+00 4.60181724078564613e-01
7.89201777301813667e+00 4.51389962659834720e-01
7.95171185133558911e+00 4.42763858968386714e-01
8.01185744700749503e+00 4.34300220451104890e-01
8.07245797524565134e+00 4.25996343854114390e-01
8.13351687709406690e+00 4.17849202308644196e-01
8.19503761962426225e+00 4.09855727660288827e-01
8.25702369613218856e+00 4.02013083038453567e-01
8.31947862633661828e+00 3.94318667461542149e-01
8.38240595657893017e+00 3.86769564661799736e-01
8.44580926002451093e+00 3.79362944631522481e-01
8.50969213686569859e+00 3.72096270707597820e-01
8.57405821452610084e+00 3.64967159530439345e-01
8.63891114786669334e+00 3.57972772415680873e-01
8.70425461939324663e+00 3.51110542549969151e-01
8.77009233946547084e+00 3.44378176772870637e-01
8.83642804650774494e+00 3.37773290126202719e-01
8.90326550722129895e+00 3.31293351638359435e-01
8.97060851679814775e+00 3.24936075354072262e-01
9.03846089913663420e+00 3.18699298830696753e-01
9.10682650705846619e+00 3.12580735177606983e-01
9.17570922252753896e+00 3.06578099007484561e-01
9.24511295687040580e+00 3.00689196252384550e-01
9.31504165099826231e+00 2.94911943310570246e-01
9.38549927563085085e+00 2.89244332125021431e-01
9.45648983152181266e+00 2.83684337042776291e-01
9.52801734968590885e+00 2.78229943455513162e-01
9.60008589162796433e+00 2.72879110601652153e-01
9.67269954957338385e+00 2.67629813461942589e-01
9.74586244670057411e+00 2.62480277565236508e-01
9.81957873737511733e+00 2.57428615118412363e-01
9.89385260738556127e+00 2.52472933096977770e-01
9.96868827418115266e+00 2.47611480702251474e-01
1.00440899871113647e+01 2.42842511112618231e-01
1.01200620276670623e+01 2.38164255799444252e-01
1.01966087097237619e+01 2.33574975092621401e-01
1.02737343797864504e+01 2.29073011079362565e-01
1.03514434172364513e+01 2.24656791408236328e-01
1.04297402345801462e+01 2.20324684346093536e-01
1.05086292776994199e+01 2.16075083787536981e-01
1.05881150261041697e+01 2.11906466028460388e-01
1.06682019931867007e+01 2.07817302103429774e-01
1.07488947264779178e+01 2.03806120836212551e-01
1.08301978079055843e+01 1.99871450807576928e-01
1.09121158540545569e+01 1.96011821284540089e-01
1.09946535164287997e+01 1.92225871752072508e-01
1.10778154817156533e+01 1.88512201172626903e-01
1.11616064720518189e+01 1.84869417067391545e-01
1.12460312452915652e+01 1.81296191654658240e-01
1.13310945952769284e+01 1.77791245424262861e-01
1.14168013521098217e+01 1.74353257709562642e-01
1.15031563824263383e+01 1.70980959101165841e-01
1.15901645896731740e+01 1.67673136075065204e-01
1.16778309143859129e+01 1.64428519428380160e-01
1.17661603344696424e+01 1.61245941372091278e-01
1.18551578654816545e+01 1.58124277818637277e-01
1.19448285609161147e+01 1.55062382644147484e-01
1.20351775124911669e+01 1.52059083645585902e-01
1.21262098504379114e+01 1.49113292584875906e-01
1.22179307437917668e+01 1.46223908744878284e-01
1.23103454006860602e+01 1.43389846533585608e-01
1.24034590686476083e+01 1.40610155093434358e-01
1.24972770348947666e+01 1.37883755499121297e-01
1.25918046266377104e+01 1.35209604204963224e-01
1.26870472113807899e+01 1.32586738081954481e-01
1.27830101972273837e+01 1.30014175884294009e-01
1.28796990331870465e+01 1.27490974495139187e-01
1.29771192094847585e+01 1.25016200045720782e-01
1.30752762578728614e+01 1.22588924382232747e-01
1.31741757519449951e+01 1.20208248066151477e-01
1.32738233074526608e+01 1.17873292867293381e-01
1.33742245826241550e+01 1.15583183243554155e-01
1.34753852784857227e+01 1.13337062718344123e-01
1.35773111391853440e+01 1.11134118912615140e-01
1.36800079523189773e+01 1.08973534119125415e-01
1.37834815492590419e+01 1.06854487319084451e-01
1.38877378054856155e+01 1.04776194251455429e-01
1.39927826409201224e+01 1.02737924863021204e-01
1.40986220202613257e+01 1.00738872073105626e-01
1.42052619533241966e+01 9.87782861242340465e-02
1.43127084953810062e+01 9.68554681861453354e-02
1.44209677475052178e+01 9.49696903308029361e-02
1.45300458569180186e+01 9.31202254439856547e-02
1.46399490173372016e+01 9.13063765457648724e-02
1.47506834693289406e+01 8.95274817498802472e-02
1.48622555006622328e+01 8.77828930924739043e-02
1.49746714466657647e+01 8.60719230459148360e-02
1.50879376905877347e+01 8.43939324865518592e-02
1.52020606639583775e+01 8.27483143623830020e-02
1.53170468469549892e+01 8.11344492842808601e-02
1.54329027687700968e+01 7.95517426906636599e-02
1.55496350079820065e+01 7.79995840588240258e-02
1.56672501929284387e+01 7.64773925195221804e-02
1.57857550020829862e+01 7.49846353733640281e-02
1.59051561644341550e+01 7.35206930052623164e-02
1.60254604598675563e+01 7.20850364451147974e-02
1.61466747195509512e+01 7.06771505175562975e-02
1.62688058263219766e+01 6.92964533798305499e-02
1.63918607150790585e+01 6.79424529044383163e-02
1.65158463731752754e+01 6.66146298149514621e-02
1.66407698408149187e+01 6.53124878842251122e-02
1.67666382114534755e+01 6.40355753296883157e-02
1.68934586322002112e+01 6.27833325088744260e-02
1.70212383042241058e+01 6.15553239088291182e-02
1.71499844831628003e+01 6.03511221805017664e-02
1.72797044795344661e+01 5.91702201278844833e-02
1.74104056591529535e+01 5.80122065729364381e-02
1.75420954435461560e+01 5.68766359178789274e-02
1.76747813103772451e+01 5.57630666357490298e-02
1.78084707938693469e+01 5.46710932973708402e-02
1.79431714852334458e+01 5.36002811887464417e-02
1.80788910330992287e+01 5.25502390725523724e-02
1.82156371439496390e+01 5.15205756522398514e-02
1.83534175825582260e+01 5.05108774860700133e-02
1.84922401724301864e+01 4.95207644246711820e-02
1.86321127962466448e+01 4.85498587217337782e-02
1.87730433963121115e+01 4.75978016271236121e-02
1.89150399750055165e+01 4.66642461333348010e-02
1.90581105952347372e+01 4.57488122450652734e-02
1.92022633808942089e+01 4.48511603356500643e-02
1.93475065173263268e+01 4.39709584155345903e-02
1.94938482517863392e+01 4.31078647735626680e-02
1.96412968939103862e+01 4.22615562708911416e-02
1.97898608161876517e+01 4.14317077666990635e-02
1.99395484544354815e+01 4.06179955688657571e-02
2.00903683082785420e+01 3.98201035267276710e-02
2.02423289416315271e+01 3.90377273659449284e-02
2.03954389831852332e+01 3.82705852655447903e-02
2.05497071268966245e+01 3.75183760374901906e-02
2.07051421324825995e+01 3.67807903588908344e-02
2.08617528259171792e+01 3.60575685266379328e-02
2.10195480999327735e+01 3.53484458853713518e-02
2.11785369145252425e+01 3.46531432014228410e-02
2.13387282974624028e+01 3.39713815568792252e-02
2.15001313447969551e+01 3.33029047745006176e-02
2.16627552213827066e+01 3.26474646079567901e-02
2.18266091613950834e+01 3.20048065257126438e-02
2.19917024688555962e+01 3.13746769549313950e-02
2.21580445181599224e+01 3.07568396531915679e-02
2.23256447546102912e+01 3.01510527246910340e-02
2.24945126949519505e+01 2.95570857859861237e-02
2.26646579279133142e+01 2.89747128608157899e-02
2.28360901147505473e+01 2.84036965523055893e-02
2.30088189897962785e+01 2.78438321114669214e-02
2.31828543610120441e+01 2.72949047151083216e-02
2.33582061105455665e+01 2.67566959979385136e-02
2.35348841952915500e+01 2.62290133895597098e-02
2.37128986474572230e+01 2.57116443843012944e-02
2.38922595751320976e+01 2.52043833086065053e-02
2.40729771628616831e+01 2.47070384148567884e-02
2.42550616722259136e+01 2.42194204888715008e-02
2.44385234424219497e+01 2.37413332023343263e-02
2.46233728908510194e+01 2.32725924741639251e-02
2.48096205137100654e+01 2.28130238446354293e-02
2.49972768865878621e+01 2.23624502101212839e-02
2.51863526650652361e+01 2.19206952123861785e-02
2.53768585853204627e+01 2.14875877316914668e-02
2.55688054647385634e+01 2.10629611129688858e-02
2.57622042025257123e+01 2.06466513200832570e-02
2.59570657803282252e+01 2.02384990931752523e-02
2.61534012628558621e+01 1.98383429421330366e-02
2.63512217985102382e+01 1.94460251489031802e-02
2.65505386200180098e+01 1.90613977166368583e-02
2.67513630450684126e+01 1.86843113870831003e-02
2.69537064769560324e+01 1.83146150785021208e-02
2.71575804052284617e+01 1.79521647245444275e-02
2.73629964063383859e+01 1.75968263137429339e-02
2.75699661443012864e+01 1.72484587321936750e-02
2.77785013713574287e+01 1.69069254803237770e-02
2.79886139286393103e+01 1.65720963755505608e-02
2.82003157468441898e+01 1.62438433445491644e-02
2.84136188469112376e+01 1.59220352509516355e-02
2.86285353407042713e+01 1.56065470695386926e-02
2.88450774316996394e+01 1.52972557477120408e-02
2.90632574156788657e+01 1.49940370156442394e-02
2.92830876814269807e+01 1.46967731276072856e-02
2.95045807114361445e+01 1.44053500014490014e-02
2.97277490826140642e+01 1.41196561787365182e-02
2.99526054669985768e+01 1.38395809657776876e-02
3.01791626324768032e+01 1.35650110904193266e-02
3.04074334435103211e+01 1.32958420220232014e-02
3.06374308618657878e+01 1.30319699411807731e-02
3.08691679473506220e+01 1.27732880814130263e-02
3.11026578585547426e+01 1.25196973258830131e-02
3.13379138535978754e+01 1.22710971998278798e-02
3.15749492908821061e+01 1.20273890137490118e-02
3.18137776298505131e+01 1.17884783194938270e-02
3.20544124317516292e+01 1.15542718071961464e-02
3.22968673604090881e+01 1.13246790825200019e-02
3.25411561829979021e+01 1.10996085805905448e-02
3.27872927708258715e+01 1.08789703414375587e-02
3.30352911001213201e+01 1.06626853195834030e-02
3.32851652528269213e+01 1.04506631910961031e-02
3.35369294173989658e+01 1.02428186858780548e-02
3.37905978896131387e+01 1.00390748283759376e-02
3.40461850733765061e+01 9.83934557030716195e-03
3.43037054815449949e+01 9.64355440738827625e-03
3.45631737367477001e+01 9.45162760636965478e-03
3.48246045722173037e+01 9.26348822811598124e-03
3.50880128326263261e+01 9.07905861109438266e-03
3.53534134749304485e+01 8.89827160642439260e-03
3.56208215692174406e+01 8.72105692352533740e-03
3.58902522995629880e+01 8.54733947171036276e-03
3.61617209648931635e+01 8.37705131103893934e-03
3.64352429798526742e+01 8.21012875166114535e-03
3.67108338756803860e+01 8.04650345205232438e-03
3.69885093010913693e+01 7.88610740231755064e-03
3.72682850231651415e+01 7.72888426939209554e-03
3.75501769282411004e+01 7.57476893947446692e-03
3.78342010228208352e+01 7.42369921483658577e-03
3.81203734344764982e+01 7.27561751824549931e-03
3.84087104127671566e+01 7.13046381963237160e-03
3.86992283301609561e+01 6.98818305614684523e-03
3.89919436829650365e+01 6.84871779244802716e-03
3.92868730922624110e+01 6.71201015335709788e-03
3.95840333048553532e+01 6.57800827446171094e-03
3.98834411942165161e+01 6.44665781382130262e-03
4.01851137614472620e+01 6.31790767379958144e-03
4.04890681362426221e+01 6.19170828587573604e-03
4.07953215778641365e+01 6.06800721708124387e-03
4.11038914761201255e+01 5.94675712087991675e-03
4.14147953523526198e+01 5.82791062293219059e-03
4.17280508604328020e+01 5.71141881178126570e-03
4.20436757877629717e+01 5.59723355020242796e-03
4.23616880562867877e+01 5.48531153518369650e-03
4.26821057235070711e+01 5.37560872423742571e-03
4.30049469835107843e+01 5.26808085171415284e-03
4.33302301680022950e+01 5.16268595513906699e-03
4.36579737473445917e+01 5.05938159776837121e-03
4.39881963316075542e+01 4.95812645527948792e-03
4.43209166716249428e+01 4.85888067305420470e-03
4.46561536600593314e+01 4.76160510314062486e-03
4.49939263324743521e+01 4.66625996942614772e-03
4.53342538684161909e+01 4.57280660705666926e-03
4.56771555925020891e+01 4.48120810932024945e-03
4.60226509755179265e+01 4.39142879609114196e-03
4.63707596355239815e+01 4.30343258582856734e-03
4.67215013389684941e+01 4.21718547471913556e-03
4.70748960018102309e+01 4.13265306318089023e-03
4.74309636906496195e+01 4.04979929827246378e-03
4.77897246238677340e+01 3.96859204650584513e-03
4.81511991727745112e+01 3.88899918210944620e-03
4.85154078627657910e+01 3.81098826175945652e-03
4.88823713744882085e+01 3.73452787668974604e-03
4.92521105450141192e+01 3.65958877745548982e-03
4.96246463690242479e+01 3.58614113494252779e-03
5.00000000000000355e+01 3.51415475028441643e-03
